1.0,1.00,2.00,8.00,9.80,60.80,6.24,578.00,105.00,170.00,50.00,3,3,3,3,1,2,3
2.0,1.00,2.00,8.35,8.00,57.75,1.29,370.00,428.75,558.75,1.30,6,1,3,5,2,7,4
3.0,1.00,2.00,8.10,11.40,40.02,5.33,346.67,125.67,187.06,15.60,3,1,4,5,5,5,2
2.0,1.00,2.00,8.07,4.80,77.36,2.30,98.18,61.18,138.70,1.40,3,1,2,5,4,5,4
3.0,1.00,2.00,8.06,9.00,55.35,10.42,233.70,58.22,97.58,10.50,1,4,2,6,2,3,5
1.0,1.00,1.00,8.25,13.10,65.75,9.25,430.00,18.25,56.67,28.40,2,3,6,7,1,4,5
4.0,1.00,1.00,8.15,10.30,73.25,1.53,110.00,61.25,111.75,3.20,5,6,4,3,2,1,7
3.0,1.00,1.00,8.05,10.60,59.07,4.99,205.67,44.67,77.43,6.90,1,4,5,5,3,2,5
1.0,1.00,2.00,8.70,3.40,21.95,0.89,102.75,36.30,71.00,5.54,1,2,3,4,4,4,4
1.0,1.00,1.00,7.93,9.90,8.00,1.39,5.80,27.25,46.60,0.80,1,4,4,2,4,4,3
2.0,1.00,1.00,7.70,10.20,8.00,1.53,21.57,12.75,20.75,0.80,1,4,4,4,3,4,2
4.0,1.00,1.00,7.45,11.70,8.69,1.59,18.43,10.67,19.00,0.60,1,3,3,3,3,3,2
1.0,1.00,1.00,7.74,9.60,5.00,1.22,27.29,12.00,17.00,41.00,1,4,2,4,3,4,2
4.0,1.00,1.00,7.72,11.80,6.30,1.47,8.00,16.00,15.00,0.50,1,5,3,6,4,6,2
1.0,1.00,1.00,7.90,9.60,3.00,1.45,46.20,13.00,61.60,0.30,1,3,2,5,4,5,5
3.0,1.00,1.00,7.55,11.50,4.70,1.32,14.75,4.25,98.25,1.10,1,3,2,3,3,3,3
1.0,1.00,1.00,7.78,12.00,7.00,1.42,34.33,18.67,50.00,1.10,1,3,3,2,3,3,3
2.0,1.00,1.00,7.61,9.80,7.00,1.44,31.33,20.00,57.83,0.40,1,7,5,4,2,6,3
4.0,1.00,1.00,7.35,10.40,7.00,1.72,49.00,41.50,61.50,0.80,1,7,2,4,5,3,6
2.0,1.00,1.00,7.20,9.20,0.80,0.64,81.00,15.60,18.00,0.50,1,3,3,2,3,3,3
3.0,1.00,1.00,7.75,10.30,32.92,2.94,42.00,16.00,40.00,7.60,2,4,4,4,1,3,4
1.0,1.00,1.00,7.62,8.50,11.87,1.72,208.33,3.00,27.50,1.70,1,3,3,2,3,3,3
2.0,1.00,1.00,7.84,9.40,10.97,1.51,12.50,3.00,11.50,1.50,1,2,6,3,6,5,4
4.0,1.00,1.00,7.77,10.70,12.54,3.98,58.50,9.00,44.14,3.00,3,4,4,4,2,1,4
1.0,1.00,1.00,7.09,8.40,10.50,1.57,28.00,4.00,13.60,0.50,1,3,3,2,3,3,3
3.0,1.00,1.00,6.80,11.10,9.00,0.63,20.00,4.00,0.00,2.70,1,3,5,5,2,4,2
1.0,1.00,1.00,8.00,9.80,16.00,0.73,20.00,26.00,45.00,0.80,2,4,1,4,4,4,3
2.0,1.00,1.00,7.20,11.30,9.00,0.23,120.00,12.00,19.00,0.50,1,3,2,4,4,4,4
3.0,1.00,1.00,7.40,12.50,13.00,3.33,60.00,72.00,142.00,4.90,4,1,5,6,3,2,6
1.0,1.00,1.00,8.10,10.30,26.00,3.78,60.00,246.00,304.00,2.80,3,2,1,6,4,6,5
4.0,1.00,1.00,7.80,11.30,20.08,3.02,49.50,53.00,130.75,5.80,6,3,4,6,2,1,5
1.0,1.00,1.00,8.30,10.90,1.17,0.73,13.50,1.62,3.00,0.20,1,2,2,2,2,2,2
2.0,1.00,1.00,8.00,0.00,1.45,0.81,10.00,2.50,3.00,0.30,1,2,2,2,2,2,2
1.0,1.00,2.00,8.30,8.90,20.62,3.41,228.75,196.62,253.25,12.32,5,1,3,4,6,6,2
2.0,1.00,2.00,8.10,10.50,22.29,4.07,178.57,182.42,255.28,8.96,3,2,4,1,2,5,5
1.0,1.00,2.00,8.00,5.50,77.00,6.10,122.85,143.71,296.00,3.70,5,3,1,4,5,5,2
4.0,1.00,2.00,8.15,7.10,54.19,3.83,647.57,59.43,175.05,13.20,5,5,5,3,2,1,4
1.0,1.00,1.00,8.30,7.70,50.00,8.54,76.00,264.90,344.60,22.50,5,1,2,5,3,4,5
2.0,1.00,1.00,8.30,8.80,54.14,7.83,51.43,276.85,326.86,11.84,3,4,5,5,1,2,5
1.0,1.00,1.00,8.40,13.40,69.75,4.55,37.50,10.00,40.67,3.90,1,3,5,5,4,2,5
2.0,1.00,1.00,8.30,12.50,87.00,4.87,22.50,27.00,43.50,3.30,1,6,5,3,4,2,7
3.0,1.00,1.00,8.00,12.10,66.30,4.54,39.00,16.00,39.00,0.80,1,3,5,6,2,4,6
1.0,1.00,3.00,0.00,12.60,9.00,0.23,10.00,5.00,6.00,1.10,1,2,2,2,2,2,2
2.0,1.00,2.00,7.60,9.60,15.00,3.02,40.00,27.00,121.00,2.80,1,2,2,2,2,2,2
3.0,1.00,2.00,7.29,11.21,17.75,3.07,35.00,13.00,20.81,12.10,1,4,7,6,3,2,5
1.0,1.00,2.00,7.60,10.20,32.30,4.51,192.50,12.75,49.33,7.90,4,4,4,1,3,4,2
4.0,1.00,2.00,8.00,7.90,27.23,1.65,28.33,7.30,22.90,4.50,1,7,6,4,2,5,3
1.0,1.00,1.00,7.90,11.00,6.17,1.17,18.33,7.75,11.80,0.50,1,2,2,2,2,2,2
2.0,1.00,1.00,7.90,9.00,5.27,0.91,33.64,9.00,11.82,0.80,1,3,3,2,3,3,3
1.0,1.00,1.00,6.60,10.80,0.00,3.25,10.00,1.00,6.50,0.00,1,2,2,2,2,2,2
2.0,1.00,2.00,5.60,11.80,0.00,2.22,5.00,1.00,1.00,0.00,1,2,2,2,2,2,2
3.0,1.00,2.00,5.70,10.80,0.00,2.55,10.00,1.00,4.00,0.00,1,3,4,2,5,5,5
2.0,1.00,1.00,6.60,9.50,0.00,1.32,20.00,1.00,6.00,0.00,1,3,3,2,3,3,3
4.0,1.00,1.00,6.60,10.80,0.00,2.64,10.00,2.00,11.00,0.00,1,3,3,2,3,3,3
3.0,1.00,2.00,6.60,11.30,0.00,4.17,10.00,1.00,6.00,0.00,1,3,3,3,3,2,3
2.0,1.00,2.00,6.50,10.40,0.00,5.97,10.00,2.00,14.00,0.00,1,2,2,2,2,2,2
4.0,1.00,2.00,6.40,0.00,0.00,0.00,0.00,0.00,14.00,0.00,1,5,5,3,5,2,4
3.0,1.00,1.00,7.83,11.70,4.08,1.33,18.00,3.33,6.67,0.00,1,2,2,2,2,2,2
2.0,1.00,1.00,7.57,10.80,4.58,1.20,27.50,2.00,6.75,1.00,1,3,2,5,5,5,4
4.0,1.00,1.00,7.19,11.70,4.33,1.47,160.00,2.50,7.20,0.30,1,4,2,6,6,3,5
1.0,1.00,1.00,7.44,10.10,2.93,0.77,15.00,1.33,6.00,0.60,1,4,2,3,4,4,4
2.0,1.00,1.00,7.14,9.80,3.27,0.92,15.00,1.25,10.75,2.50,2,4,1,3,4,4,4
4.0,1.00,1.00,7.00,12.10,3.14,1.21,16.20,1.80,2.50,0.50,1,3,2,3,3,3,3
3.0,2.00,2.00,8.50,8.10,38.12,3.85,225.00,45.00,152.33,5.20,2,6,5,4,1,3,7
4.0,2.00,2.00,7.92,10.20,34.04,9.08,109.00,55.00,58.62,11.60,3,4,5,7,2,1,6
1.0,2.00,2.00,8.10,8.10,136.00,3.77,245.00,136.75,249.25,20.87,6,3,1,5,2,4,7
2.0,2.00,2.00,8.20,6.80,129.38,3.32,271.25,100.00,233.50,13.00,6,3,1,5,2,4,7
2.0,2.00,1.00,9.10,9.40,35.75,5.16,32.50,85.50,215.50,18.37,5,1,4,6,2,3,5
3.0,2.00,2.00,8.10,9.80,29.50,1.29,224.29,25.17,102.33,3.60,1,4,5,4,2,3,4
1.0,2.00,2.00,8.00,5.90,27.40,0.73,133.64,36.00,105.73,3.00,2,3,1,5,4,6,6
2.0,2.00,2.00,8.00,3.30,26.76,0.66,165.00,37.38,111.38,3.00,1,5,2,3,4,5,5
1.0,2.00,1.00,7.50,9.20,11.00,3.31,101.00,26.60,108.00,1.30,3,7,4,6,5,2,1
2.0,2.00,1.00,7.40,9.80,11.00,3.23,255.00,38.75,56.67,2.00,1,6,6,3,2,4,5
3.0,2.00,1.00,7.30,11.70,10.40,4.93,130.00,10.80,60.00,4.30,5,6,4,6,3,1,2
1.0,2.00,1.00,7.40,8.90,13.50,5.44,123.33,27.67,104.00,21.00,3,4,2,7,6,5,1
4.0,2.00,1.00,7.40,11.17,12.15,6.19,89.60,32.00,69.93,3.10,2,5,6,7,4,3,1
3.0,2.00,2.00,7.50,10.80,31.00,4.41,737.50,111.25,214.00,2.90,4,6,6,3,5,2,1
1.0,2.00,2.00,7.60,6.00,53.00,3.73,914.00,137.60,254.60,4.30,5,5,5,4,3,2,1
4.0,2.00,2.00,7.40,10.77,36.25,3.73,429.20,57.60,169.00,3.20,4,6,6,5,3,2,1
1.0,2.00,2.00,8.50,8.60,125.60,3.78,124.17,197.83,303.33,40.00,6,1,2,6,3,4,5
2.0,2.00,2.00,8.70,9.40,173.75,3.32,101.25,267.75,391.75,3.50,5,3,4,5,1,2,5
4.0,2.00,2.00,8.10,10.70,94.41,4.70,153.00,191.75,265.25,7.30,5,3,4,5,2,1,5
1.0,2.00,1.00,8.80,8.50,53.33,5.13,96.67,120.50,232.83,31.00,4,2,1,3,4,6,5
2.0,2.00,1.00,7.80,10.50,70.00,2.44,98.33,144.67,244.00,9.00,6,4,3,5,2,1,6
4.0,2.00,1.00,7.90,11.80,63.51,4.94,137.00,159.50,218.00,6.50,5,3,5,5,1,2,4
3.0,2.00,3.00,8.50,10.50,56.72,0.33,215.71,23.00,138.50,20.83,4,6,6,5,1,2,3
1.0,2.00,3.00,9.10,5.40,61.05,0.31,105.56,104.22,239.00,72.48,2,1,3,5,5,5,4
2.0,2.00,3.00,8.90,4.50,57.75,0.27,155.00,97.33,235.67,98.82,2,1,4,4,4,4,3
1.0,2.00,1.00,7.90,6.30,101.88,3.98,153.75,51.75,205.88,2.00,4,5,1,3,2,6,6
4.0,2.00,1.00,7.80,8.20,85.98,6.20,421.67,31.33,211.67,21.90,3,4,6,5,2,1,6
1.0,2.00,2.00,7.70,7.10,63.62,3.14,122.50,28.62,186.50,30.00,2,6,1,4,3,7,5
2.0,2.00,2.00,7.80,6.50,82.11,2.60,215.56,12.89,154.12,5.20,3,5,1,4,2,5,4
1.0,2.00,3.00,7.70,5.30,65.33,2.90,371.11,51.11,183.67,17.20,1,4,2,3,4,4,4
4.0,2.00,3.00,7.50,8.80,58.33,8.69,758.75,104.50,292.62,3.00,3,6,5,4,2,1,6
3.0,2.00,3.00,7.60,10.00,49.62,5.46,308.75,38.62,285.71,75.00,2,1,5,6,3,4,7
1.0,2.00,3.00,8.70,7.40,47.78,2.32,38.11,24.67,201.78,3.00,1,2,3,5,4,5,3
4.0,2.00,3.00,7.70,11.10,47.23,8.76,239.00,54.00,275.14,65.70,2,1,3,5,5,5,4
3.0,2.00,1.00,8.30,11.10,41.50,4.67,931.83,39.00,124.20,13.10,1,2,6,5,3,4,6
1.0,2.00,1.00,8.43,6.00,40.17,2.67,723.67,60.83,141.83,25.00,5,3,2,1,5,5,4
4.0,2.00,1.00,8.16,11.10,32.06,5.69,461.88,71.00,132.55,15.00,2,1,5,5,4,5,3
1.0,2.00,1.00,8.70,9.80,5.89,1.53,51.11,9.67,17.33,1.00,1,3,2,4,4,4,4
2.0,2.00,1.00,8.20,11.30,7.25,1.88,25.00,6.50,26.00,0.30,1,3,2,3,3,3,3
4.0,2.00,1.00,8.50,11.80,7.84,1.73,206.54,8.69,16.66,2.10,1,3,2,3,3,3,3
2.0,2.00,2.00,7.80,6.00,53.42,0.38,118.57,37.86,102.57,1.20,2,5,6,4,3,1,7
4.0,2.00,2.00,8.00,9.70,57.85,0.46,217.75,37.00,87.00,3.00,2,3,5,5,4,1,5
1.0,2.00,1.00,9.70,10.80,0.22,0.41,10.00,22.44,10.11,0.00,1,2,3,3,3,3,3
4.0,2.00,1.00,8.60,11.62,1.55,0.45,25.83,16.83,18.29,1.40,1,4,3,4,4,2,4
3.0,2.00,2.00,8.30,11.60,5.83,0.70,12.73,3.54,13.20,3.20,1,2,2,2,2,2,2
2.0,2.00,3.00,8.40,5.30,74.67,3.90,131.67,261.60,432.91,24.92,4,2,1,5,5,5,3
4.0,2.00,3.00,8.20,6.60,131.40,4.19,92.00,238.20,320.40,6.80,4,3,1,5,2,5,5
1.0,2.00,2.00,8.20,9.40,45.27,7.20,345.45,144.00,287.00,9.88,4,3,5,5,2,1,5
2.0,2.00,2.00,8.10,7.10,42.64,5.08,56.36,166.73,262.73,17.20,4,2,3,6,1,4,5
4.0,2.00,2.00,8.10,9.00,48.43,6.64,128.57,181.00,222.29,6.43,5,2,3,6,1,4,6
1.0,2.00,1.00,7.40,10.70,11.82,2.16,170.91,36.91,122.00,5.55,2,6,6,4,1,3,5
2.0,2.00,1.00,8.30,9.70,10.56,1.92,65.56,61.56,127.22,5.23,5,6,1,4,2,3,6
4.0,2.00,1.00,8.60,10.70,12.00,2.23,43.75,62.62,89.62,2.15,4,6,6,5,1,2,3
1.0,2.00,2.00,9.10,11.60,31.09,5.10,246.36,55.00,284.00,88.25,6,1,4,6,5,2,3
2.0,2.00,2.00,9.00,6.90,28.33,2.95,76.67,102.33,277.33,110.46,4,1,2,4,4,4,3
4.0,2.00,2.00,8.30,10.00,30.12,3.73,102.50,75.88,177.62,50.23,5,1,6,3,7,2,4
1.0,2.00,1.00,8.50,10.10,10.94,1.33,236.00,34.64,72.90,11.10,2,5,4,3,1,5,4
2.0,2.00,1.00,8.30,7.70,10.08,1.21,103.33,48.67,82.44,2.00,4,6,1,5,3,6,2
4.0,2.00,1.00,7.30,10.50,11.09,1.37,92.38,48.62,66.75,3.30,5,6,3,6,1,2,4
2.0,2.00,2.00,7.90,8.30,391.50,6.04,380.00,173.00,317.00,5.50,3,4,2,1,4,5,3
3.0,2.00,2.00,8.00,11.90,130.67,6.54,196.00,75.00,84.00,4.50,4,3,6,7,2,1,5
2.0,2.00,2.00,8.00,9.20,39.00,4.86,120.00,187.00,213.00,2.00,2,1,3,7,4,6,5
3.0,2.00,2.00,8.10,11.70,35.66,5.13,46.50,49.00,88.50,2.50,4,1,5,5,3,2,3
1.0,2.00,3.00,8.43,9.90,37.60,0.83,124.00,32.50,115.00,11.70,1,2,4,5,3,6,6
4.0,2.00,3.00,8.10,6.20,39.00,0.67,112.86,60.00,98.14,2.00,1,4,4,2,3,4,4
1.0,2.00,2.00,7.90,11.20,49.90,9.77,505.00,67.50,143.75,5.45,4,3,5,5,2,1,5
4.0,2.00,2.00,8.10,6.20,51.11,5.10,175.00,132.50,197.14,6.40,4,1,4,5,2,5,3
2.0,2.00,1.00,7.80,9.50,8.30,1.67,34.00,16.80,35.20,1.00,2,6,1,4,5,3,6
3.0,2.00,1.00,7.90,10.50,10.21,2.30,132.25,10.58,23.48,2.00,1,4,2,3,4,4,4
1.0,2.00,3.00,8.00,4.50,79.08,8.98,920.00,70.00,200.23,19.40,4,6,6,1,2,5,3
2.0,2.00,3.00,7.60,6.30,81.33,9.71,196.67,77.33,147.83,3.00,4,2,3,6,5,6,1
1.0,2.00,1.00,8.22,8.10,41.25,1.42,172.50,46.67,123.33,30.40,1,2,6,5,3,6,4
3.0,2.00,1.00,8.30,9.90,40.23,1.59,235.00,33.80,75.21,23.80,1,2,4,3,6,7,5
1.0,2.00,1.00,8.47,9.00,46.17,2.10,84.67,48.00,116.20,7.30,2,1,6,4,3,5,7
2.0,2.00,1.00,8.40,4.90,47.00,0.54,91.83,109.00,188.67,32.00,3,1,2,5,5,4,5
3.0,2.00,1.00,8.87,11.00,41.16,2.27,54.75,39.00,72.70,22.70,5,2,4,5,1,3,5
4.0,2.00,1.00,7.70,4.40,53.00,2.31,90.00,22.20,116.20,16.00,4,4,4,3,2,1,4
2.0,2.00,2.00,7.90,6.00,127.83,2.68,176.67,27.50,76.33,2.10,4,1,2,5,3,6,6
3.0,2.00,2.00,7.80,10.53,100.83,5.41,486.50,24.00,58.37,27.50,3,4,6,5,1,2,6
2.0,3.00,3.00,8.60,3.60,50.00,0.38,134.00,54.10,125.80,26.80,3,1,3,3,3,3,2
3.0,3.00,3.00,8.40,10.60,19.22,1.66,96.83,20.67,54.92,20.60,5,1,3,5,2,5,4
1.0,3.00,3.00,8.30,11.50,26.00,1.87,62.50,30.75,75.33,34.75,2,1,2,2,2,2,2
2.0,3.00,3.00,9.00,5.80,0.00,0.90,142.00,102.00,186.00,68.05,3,1,4,2,5,5,5
2.0,3.00,3.00,9.50,5.70,44.00,0.10,146.67,151.33,252.50,93.68,2,1,3,4,4,4,3
4.0,3.00,3.00,8.80,8.80,43.00,0.13,103.33,180.67,269.67,92.67,2,1,4,4,4,4,3
3.0,3.00,3.00,8.84,12.90,43.09,0.85,52.20,8.60,46.44,81.54,2,1,4,4,4,4,3
1.0,3.00,1.00,7.30,9.90,16.00,4.82,101.67,14.67,85.00,2.00,4,4,4,3,4,1,2
3.0,3.00,1.00,7.40,10.68,22.35,5.41,244.60,66.40,171.27,3.80,5,6,4,6,2,1,3
2.0,3.00,3.00,9.10,4.30,82.86,0.86,137.27,102.36,232.90,54.37,3,1,2,3,3,3,2
3.0,3.00,3.00,8.53,11.10,63.29,1.73,227.60,84.30,146.45,21.22,4,1,2,5,5,5,3
1.0,3.00,3.00,8.56,8.70,43.97,4.05,643.00,221.90,246.67,14.70,1,4,7,6,2,3,5
3.0,3.00,3.00,8.06,8.30,38.90,3.68,627.27,205.64,219.91,6.21,3,3,3,3,2,1,3
1.0,3.00,2.00,8.21,9.30,104.82,3.91,124.36,82.22,167.90,5.61,6,4,2,5,3,1,7
2.0,3.00,2.00,8.50,7.30,71.44,2.51,66.67,64.39,137.78,9.38,5,3,1,2,5,5,4
2.0,3.00,2.00,8.60,10.60,208.36,4.46,197.91,87.33,194.10,27.62,4,3,4,4,2,1,4
1.0,3.00,2.00,9.06,6.35,187.18,3.35,54.78,159.17,221.28,20.80,4,1,2,4,4,4,3
3.0,3.00,1.00,8.70,10.70,4.54,0.94,32.73,16.00,21.30,1.10,1,3,2,3,3,3,3
2.0,3.00,1.00,8.10,10.70,3.50,1.01,12.50,12.75,11.00,0.60,1,3,2,6,4,6,5
4.0,3.00,1.00,8.40,10.29,5.33,1.00,53.85,7.67,14.35,0.80,1,3,2,6,5,4,6
2.0,3.00,2.00,8.60,10.10,2.11,0.66,11.11,3.22,7.00,1.30,1,2,3,3,3,3,3
4.0,3.00,2.00,8.20,9.50,2.20,0.67,10.00,3.80,6.20,0.80,1,2,3,3,3,3,3
1.0,3.00,2.00,8.50,10.50,2.75,0.76,10.50,4.00,7.65,4.00,1,2,3,3,3,3,3
4.0,3.00,2.00,8.30,10.00,3.86,0.87,32.00,6.00,16.00,2.86,2,3,1,4,4,4,4
1.0,3.00,1.00,8.00,10.90,9.05,0.82,40.00,21.08,56.09,0.00,2,1,3,4,4,4,4
4.0,3.00,1.00,8.10,10.20,7.61,0.70,32.50,26.62,52.88,2.00,1,4,3,5,4,2,5
1.0,3.00,3.00,8.70,10.80,39.11,6.22,161.82,104.73,228.36,46.08,5,2,4,6,2,1,3
1.0,3.00,3.00,8.70,11.70,22.45,3.77,88.18,41.30,85.40,17.49,3,1,3,3,2,2,3
4.0,3.00,3.00,8.40,8.20,23.25,2.81,43.75,51.12,87.12,14.78,4,1,3,4,2,4,4
3.0,3.00,3.00,8.55,11.00,22.32,3.14,82.10,45.90,101.45,18.33,4,1,5,6,2,3,6
2.0,3.00,2.00,8.50,7.60,12.78,1.87,17.78,50.89,127.00,24.56,5,5,1,3,4,5,2
3.0,3.00,2.00,8.70,11.40,15.54,2.32,103.00,34.50,81.56,5.62,3,6,5,6,2,1,4
1.0,3.00,2.00,8.40,10.50,12.18,1.52,65.45,19.73,50.45,8.15,4,3,5,6,2,1,6
2.0,3.00,2.00,8.20,8.20,7.33,1.00,37.78,19.11,120.89,5.11,3,1,2,5,5,5,4
3.0,3.00,2.00,8.58,11.10,23.82,3.62,72.60,51.11,91.11,22.90,3,1,5,6,4,2,6
4.0,3.00,2.00,8.50,7.90,12.44,2.59,96.67,19.11,61.44,6.17,1,2,4,5,3,5,5
3.0,3.00,2.00,8.40,8.40,17.38,3.83,83.75,53.62,79.75,2.34,2,1,3,5,4,5,5
2.0,3.00,2.00,8.30,10.60,14.32,3.20,125.33,35.33,75.90,4.67,1,3,5,7,4,2,6
3.0,3.00,2.00,8.20,7.00,139.99,2.98,60.11,78.33,140.22,31.74,4,1,2,3,4,4,4
1.0,3.00,2.00,8.00,7.60,0.00,0.00,0.00,0.00,0.00,0.00,5,1,3,4,5,5,2
4.0,3.00,2.00,8.50,6.70,82.85,2.80,27.07,64.00,140.52,18.30,5,1,2,3,6,6,4
4.0,1.00,2.00,7.95,5.70,57.33,2.46,273.33,295.67,380.00,0.00,4,1,3,5,4,5,2
1.0,1.00,2.00,7.98,8.80,59.33,7.39,286.67,33.33,138.00,7.10,3,4,4,4,2,1,4
4.0,1.00,2.00,8.00,7.20,80.00,1.96,174.29,47.86,113.71,4.50,3,1,4,6,2,7,5
2.0,1.00,1.00,8.35,8.40,68.00,3.03,458.00,45.20,111.80,3.20,4,1,3,7,2,6,5
2.0,1.00,2.00,8.10,13.20,19.00,0.00,130.00,6.00,40.00,2.00,3,1,2,4,4,4,4
4.0,1.00,2.00,8.37,12.10,12.85,0.84,15.00,5.00,10.51,13.80,1,3,4,4,4,4,2
2.0,1.00,1.00,7.31,9.90,6.00,1.40,58.75,6.00,16.00,0.80,1,5,2,6,3,6,4
3.0,1.00,1.00,7.91,11.20,5.00,1.38,6.00,24.33,30.00,32.00,1,4,4,5,3,2,5
4.0,1.00,1.00,7.99,10.70,4.00,1.37,117.00,17.25,44.75,0.80,1,2,3,5,4,5,5
3.0,1.00,1.00,7.82,11.50,8.18,1.49,39.00,16.00,139.50,0.40,5,5,3,2,3,4,1
4.0,1.00,1.00,6.60,10.80,4.00,1.18,80.00,2.00,59.00,0.60,1,3,3,2,3,3,3
3.0,1.00,1.00,6.79,9.40,11.42,1.97,42.00,3.00,15.00,0.60,1,4,4,2,3,4,4
4.0,1.00,1.00,6.78,10.20,10.70,1.46,46.00,3.00,13.71,0.70,1,2,2,2,2,2,2
4.0,1.00,1.00,7.80,10.80,14.57,1.23,61.25,34.50,62.00,1.10,1,4,4,4,2,4,3
2.0,1.00,1.00,8.30,12.70,27.00,4.04,10.00,363.00,482.00,6.00,5,4,2,5,3,1,5
3.0,1.00,1.00,8.20,11.30,6.00,1.56,10.00,2.00,5.00,0.00,1,2,2,2,2,2,2
4.0,1.00,1.00,8.20,10.40,3.58,0.79,10.58,1.67,2.09,0.80,1,2,2,2,2,2,2
3.0,1.00,2.00,8.10,6.40,21.20,3.22,44.00,54.80,155.00,61.52,1,2,5,6,4,7,3
4.0,1.00,2.00,8.54,12.83,22.55,4.00,170.50,68.00,116.07,41.60,1,2,4,4,3,3,4
3.0,1.00,2.00,8.50,7.80,71.00,11.02,500.00,121.00,0.00,7.10,4,6,6,5,1,2,3
2.0,1.00,2.00,7.70,6.80,65.00,1.83,782.50,77.25,340.00,9.00,5,2,3,1,5,4,2
3.0,1.00,1.00,8.40,10.50,50.60,10.49,334.00,209.10,276.67,20.72,4,3,5,5,2,1,5
4.0,1.00,1.00,8.50,11.50,57.29,10.53,312.60,261.40,299.40,23.50,4,3,4,4,2,1,4
4.0,1.00,1.00,8.10,12.20,66.00,4.08,10.00,26.00,70.00,1.80,1,4,4,4,2,3,4
3.0,1.00,3.00,6.13,11.23,8.87,0.62,36.00,3.00,14.74,2.10,1,2,2,2,2,2,2
1.0,1.00,2.00,0.00,12.10,18.00,3.14,10.00,21.00,41.00,4.80,2,6,6,5,1,3,4
4.0,1.00,2.00,7.20,10.40,18.00,2.42,80.00,11.00,44.00,2.50,1,5,6,6,4,3,2
2.0,1.00,2.00,7.90,8.60,27.65,2.06,62.50,7.75,30.00,0.00,1,5,2,4,3,5,4
3.0,1.00,2.00,7.80,9.10,36.12,5.97,169.00,13.09,71.06,3.30,1,6,6,3,4,2,5
4.0,1.00,1.00,7.80,9.40,5.71,0.81,22.14,6.00,18.71,1.50,1,2,2,2,2,2,2
3.0,1.00,1.00,7.80,11.35,5.34,1.36,19.75,5.82,8.85,1.90,1,3,3,2,3,3,3
3.0,1.00,1.00,5.90,11.90,0.00,1.88,5.00,1.00,2.00,0.00,1,2,2,2,2,2,2
1.0,1.00,1.00,6.80,9.10,0.00,0.78,10.00,1.00,14.00,0.00,1,3,3,2,3,3,3
4.0,1.00,2.00,6.60,8.80,0.00,0.95,20.00,1.00,7.00,0.00,1,3,3,2,3,3,3
1.0,1.00,1.00,6.60,11.80,0.00,2.21,10.00,1.00,4.00,0.00,1,2,2,2,2,2,2
1.0,1.00,2.00,6.90,9.20,0.00,2.21,10.00,2.00,13.00,0.00,1,6,6,3,4,2,5
1.0,1.00,1.00,7.66,10.80,4.00,1.00,15.00,1.50,7.33,1.00,1,4,4,2,2,4,3
3.0,1.00,1.00,7.60,10.50,3.05,1.00,13.33,1.67,10.83,0.00,1,2,2,2,2,2,2
1.0,2.00,2.00,8.00,7.00,37.09,2.24,146.36,84.09,172.78,2.30,3,1,2,4,5,7,6
2.0,2.00,2.00,8.20,7.80,37.62,1.45,105.71,66.71,143.40,2.60,5,4,2,3,1,5,5
3.0,2.00,2.00,8.20,10.70,134.67,4.50,617.78,49.44,164.78,19.20,4,1,5,6,2,3,6
4.0,2.00,2.00,8.00,8.50,131.47,3.45,792.00,63.10,286.60,8.20,5,3,4,6,2,1,6
3.0,2.00,1.00,8.90,10.50,34.80,6.00,122.56,41.11,144.11,27.03,3,4,5,5,2,1,5
4.0,2.00,1.00,8.20,9.20,30.04,5.18,174.80,86.60,130.80,3.45,2,1,5,5,4,3,3
4.0,2.00,2.00,7.80,8.80,29.08,2.82,263.56,27.00,95.12,11.50,1,3,5,4,2,6,7
4.0,2.00,1.00,7.50,10.80,10.36,3.35,127.67,22.00,34.32,1.20,2,5,5,4,3,5,1
2.0,2.00,1.00,7.40,9.00,13.75,5.27,58.75,56.25,64.00,2.50,5,7,3,6,2,1,4
2.0,2.00,2.00,7.50,8.90,55.80,4.41,389.00,127.40,206.20,5.00,5,5,5,4,2,1,3
3.0,2.00,2.00,9.10,8.00,101.20,4.31,273.75,152.88,290.31,10.70,4,3,4,4,2,1,4
3.0,2.00,1.00,8.90,8.00,60.20,4.03,306.47,136.00,242.94,18.40,4,3,4,4,2,1,4
4.0,2.00,3.00,8.50,10.74,56.29,0.69,264.80,43.40,124.94,30.48,1,3,7,4,2,5,6
3.0,2.00,1.00,8.30,8.60,75.00,5.18,560.00,30.50,170.00,16.70,4,3,6,6,2,1,5
2.0,2.00,1.00,7.80,6.30,136.67,3.73,154.44,35.56,175.33,2.70,5,4,6,2,1,3,7
3.0,2.00,2.00,7.60,9.20,64.78,6.16,720.00,21.78,242.50,54.20,2,5,5,4,1,3,5
4.0,2.00,2.00,7.50,9.20,61.56,7.04,558.33,24.50,257.33,19.50,4,7,3,6,1,2,5
3.0,2.00,3.00,7.50,8.60,57.50,7.37,577.00,67.30,254.44,22.00,2,5,5,4,3,1,5
2.0,2.00,3.00,7.70,4.80,88.91,1.71,669.09,38.18,205.18,2.80,2,5,1,4,3,6,6
2.0,2.00,3.00,7.90,7.20,55.25,2.23,89.38,17.50,141.50,17.00,2,1,4,4,3,4,4
2.0,2.00,1.00,8.06,2.20,39.00,2.08,773.12,90.75,163.25,26.00,4,1,3,2,6,7,5
3.0,2.00,1.00,8.50,7.50,9.30,1.56,260.00,9.60,18.10,3.90,1,5,3,6,4,2,6
3.0,2.00,2.00,8.20,10.40,63.30,0.39,217.14,24.33,114.00,2.70,3,4,5,5,2,1,5
1.0,2.00,2.00,8.00,4.80,58.77,0.31,93.75,33.38,110.88,2.70,3,1,2,5,4,7,6
3.0,2.00,1.00,8.70,10.80,1.12,0.53,26.36,14.82,20.90,1.40,1,2,2,2,2,2,2
2.0,2.00,1.00,8.40,11.20,0.50,0.32,10.00,21.60,27.60,0.60,1,2,3,3,3,3,3
1.0,2.00,3.00,8.50,8.30,36.58,5.63,440.83,149.00,266.36,19.83,5,4,2,7,1,3,6
3.0,2.00,3.00,8.30,8.80,64.77,6.27,357.17,219.00,302.50,8.27,4,3,1,6,2,5,7
3.0,2.00,2.00,8.40,10.80,47.30,7.77,258.91,145.09,223.04,13.36,5,2,4,6,3,1,6
3.0,2.00,1.00,7.90,11.90,11.86,2.21,128.64,48.09,69.08,2.75,3,3,3,3,1,2,3
3.0,2.00,2.00,9.13,12.00,30.50,4.97,99.60,64.60,146.26,54.13,5,1,5,6,4,2,3
3.0,2.00,1.00,7.40,11.40,12.03,1.62,176.80,36.30,58.60,36.10,2,6,5,4,1,3,5
4.0,2.00,2.00,8.30,8.90,271.50,6.32,375.00,169.00,313.50,2.80,1,2,4,6,1,3,5
1.0,2.00,2.00,8.20,10.40,41.00,5.16,410.00,38.00,61.00,6.00,3,2,5,7,4,1,6
4.0,2.00,2.00,8.20,11.20,36.00,4.40,32.50,108.00,155.50,3.00,3,1,5,7,2,4,6
2.0,2.00,3.00,8.17,6.30,37.30,0.53,82.00,62.00,133.10,1.40,3,1,2,4,4,4,4
3.0,2.00,3.00,8.33,10.60,36.16,1.14,119.44,92.89,112.86,10.50,1,3,4,2,4,4,4
2.0,2.00,2.00,8.50,6.70,45.61,4.41,160.00,88.36,180.36,32.83,3,1,5,4,6,6,2
3.0,2.00,2.00,8.10,9.10,47.27,9.37,169.09,75.00,127.78,3.67,3,4,5,5,2,1,5
1.0,2.00,1.00,8.20,11.90,12.25,2.35,121.88,14.00,27.50,4.60,4,3,5,6,2,1,6
4.0,2.00,1.00,8.10,9.40,11.00,2.25,48.75,17.38,66.88,2.50,1,6,2,5,4,3,6
4.0,2.00,3.00,7.80,7.90,87.00,12.13,652.50,93.25,209.00,6.00,5,2,4,3,1,6,5
2.0,2.00,1.00,8.26,5.00,44.82,0.53,97.27,105.45,181.64,20.60,4,2,1,3,4,4,4
4.0,2.00,1.00,8.11,6.60,49.86,0.99,194.28,77.00,197.57,13.00,3,1,2,4,5,6,6
4.0,2.00,1.00,7.87,1.80,49.25,0.61,357.12,128.25,185.12,4.50,4,1,3,2,5,5,5
1.0,2.00,1.00,7.20,10.10,49.50,3.96,55.00,18.00,138.00,49.00,4,6,2,5,3,1,6
2.0,2.00,1.00,7.80,8.30,51.50,2.10,30.20,24.60,184.40,31.30,4,2,1,2,5,6,3
1.0,2.00,2.00,7.90,11.30,82.50,6.28,300.00,12.33,53.33,13.70,2,4,4,4,3,1,4
4.0,2.00,2.00,8.00,8.80,176.25,0.62,440.00,16.25,79.25,3.50,4,2,1,5,3,6,6
1.0,3.00,3.00,7.70,9.30,66.00,3.56,310.00,37.00,0.00,17.35,2,1,5,3,4,5,5
1.0,3.00,3.00,8.70,5.40,48.00,1.14,144.29,36.71,66.83,22.02,3,1,4,4,4,4,2
4.0,3.00,3.00,7.90,5.30,48.00,0.51,138.33,61.33,89.17,4.00,3,1,2,3,3,3,3
3.0,3.00,3.00,8.70,12.20,32.23,1.89,233.50,17.50,66.17,39.33,1,2,4,3,4,4,4
1.0,3.00,3.00,8.60,6.50,43.00,0.67,95.00,10.50,74.67,63.50,1,2,4,3,4,4,4
2.0,3.00,1.00,7.40,7.30,19.00,4.39,120.00,74.86,166.29,5.30,4,4,1,4,2,3,2
4.0,3.00,1.00,7.80,10.40,22.50,4.72,178.75,116.50,201.00,2.70,6,6,3,5,2,1,4
1.0,3.00,3.00,8.50,9.80,70.25,1.64,285.00,68.71,132.00,16.03,1,1,3,2,2,3,3
2.0,3.00,3.00,7.98,5.60,47.06,3.09,357.00,311.40,342.30,18.53,5,1,3,6,2,4,4
4.0,3.00,3.00,7.95,7.20,57.29,3.75,425.71,291.14,330.00,4.71,4,2,3,4,1,3,3
2.0,3.00,2.00,7.96,5.50,131.36,3.31,810.90,311.45,349.82,20.47,3,1,4,5,6,6,2
1.0,3.00,2.00,8.35,2.75,97.73,3.68,137.44,91.00,155.56,2.74,5,3,4,5,2,1,5
4.0,3.00,2.00,8.15,10.40,189.57,5.01,162.94,135.78,219.28,2.86,5,1,3,5,4,2,4
1.0,3.00,1.00,8.50,10.10,3.00,0.85,37.78,10.78,23.89,0.50,1,3,2,5,4,5,5
1.0,3.00,2.00,8.50,11.40,3.00,0.77,10.91,3.73,8.09,3.60,1,2,3,3,3,3,3
2.0,3.00,2.00,8.50,8.50,4.03,0.82,23.64,5.58,31.09,2.40,1,3,2,5,4,5,5
3.0,3.00,2.00,8.40,11.43,4.97,0.97,24.11,6.00,18.17,2.13,1,3,2,4,4,4,4
2.0,3.00,1.00,8.20,9.90,6.40,0.55,21.43,12.00,76.29,1.30,2,5,4,6,1,3,6
3.0,3.00,1.00,8.00,10.98,9.70,0.87,67.70,26.60,51.03,2.20,1,3,3,3,3,2,3
3.0,3.00,3.00,8.30,8.90,42.06,5.92,116.73,150.58,220.72,6.70,3,1,3,3,3,3,2
2.0,3.00,3.00,8.70,6.80,16.89,2.14,30.00,37.11,85.44,23.03,2,1,3,5,5,5,4
1.0,3.00,2.00,8.60,10.40,15.18,2.50,140.91,31.91,77.70,15.32,4,5,5,5,3,2,1
4.0,3.00,2.00,8.00,9.10,15.38,2.12,43.75,48.88,86.50,8.12,5,5,4,5,2,3,1
4.0,3.00,2.00,8.20,9.50,17.88,2.36,63.75,44.00,77.00,8.46,4,1,2,3,5,4,5
2.0,3.00,2.00,8.50,9.60,16.55,3.85,103.27,34.27,63.40,14.68,1,2,5,6,3,4,6
2.0,3.00,2.00,8.04,9.30,130.26,3.78,131.01,97.50,152.97,6.15,6,1,6,5,3,2,4
3.0,3.00,2.00,7.95,9.10,76.89,3.46,93.83,68.33,146.05,3.95,4,1,2,5,3,3,5
4.0,1.00,1.00,7.25,9.54,0.00,0.64,85.00,14.60,19.45,0.46,1,3,3,2,3,3,3
3.0,1.00,1.00,7.64,10.30,34.23,2.94,41.43,17.00,41.57,7.43,2,4,4,4,1,3,4
1.0,1.00,1.00,7.92,8.50,10.87,1.72,199.54,3.22,27.20,1.90,1,3,3,2,3,3,3
2.0,1.00,1.00,7.62,9.40,11.05,1.51,13.56,4.00,12.65,1.46,1,2,6,3,6,5,4
4.0,2.00,1.00,7.75,10.70,15.50,3.98,57.64,10.50,43.17,3.12,3,4,4,4,2,1,4
1.0,1.00,1.00,7.08,8.40,9.45,1.57,26.54,4.00,13.60,0.68,1,3,3,2,3,3,3
4.0,1.00,1.00,6.92,11.10,9.10,0.63,21.00,5.00,0.00,2.46,1,3,5,5,2,4,2
1.0,1.00,1.00,8.10,9.80,14.34,0.73,22.50,23.00,45.50,0.85,2,4,1,4,4,4,3
2.0,1.00,1.00,7.20,11.30,8.97,0.23,134.50,13.00,19.00,0.00,1,3,2,4,4,4,4
2.0,3.00,2.00,8.61,10.10,3.52,0.66,12.22,3.22,7.00,1.30,1,2,3,3,3,3,3
4.0,3.00,2.00,8.22,9.50,2.30,0.67,9.87,4.00,6.12,0.80,1,2,3,3,3,3,3
1.0,3.00,2.00,8.53,10.50,3.00,0.76,10.35,4.10,0.00,4.00,1,2,3,3,3,3,3
4.0,3.00,2.00,8.40,10.00,3.51,0.87,29.65,5.80,15.00,2.86,2,3,1,4,4,4,4
1.0,3.00,1.00,8.10,10.90,9.06,0.82,41.00,20.00,58.00,0.00,2,1,3,4,4,4,4
4.0,2.00,1.00,8.12,10.20,7.61,0.70,33.56,28.03,49.66,2.20,1,4,3,5,4,2,5
1.0,3.00,3.00,8.43,10.80,35.64,6.22,134.00,103.50,0.00,45.38,5,2,4,6,2,1,3
1.0,3.00,3.00,8.70,11.70,21.47,3.77,91.45,38.00,83.00,17.00,3,1,3,3,2,2,3
4.0,3.00,3.00,8.10,8.20,26.54,2.81,42.75,48.50,88.12,13.98,4,1,3,4,2,4,4
3.0,3.00,3.00,8.35,11.10,22.56,3.14,76.20,41.00,98.67,17.46,4,1,5,6,2,3,6
