1.0,50.0,1.0,1.0,37.671778,-121.01249,1.0,1.0,1.0,1.0,2.0,2.0,1.0,1.0
1.0,1.0,2.0,2.0,42.518635,-83.16357,2.0,1.0,3.0,1.0,2.0,2.0,2.0,2.0
1.0,25.0,3.0,1.0,37.801028,-122.43836,3.0,2.0,1.0,1.0,1.0,1.0,2.0,1.0
1.0,25.0,291.0,1.0,32.740900,-117.24434,4.0,2.0,1.0,1.0,1.0,1.0,1.0,2.0
1.0,25.0,5.0,3.0,13.480000,144.77000,5.0,1.0,1.0,1.0,2.0,2.0,1.0,1.0
1.0,25.0,6.0,45.0,33.752856,-84.39013,6.0,2.0,1.0,2.0,1.0,2.0,1.0,2.0
1.0,35.0,7.0,19.0,38.757924,-77.15284,7.0,2.0,1.0,1.0,1.0,1.0,1.0,1.0
1.0,35.0,8.0,5.0,37.701997,-97.28114,15.0,3.0,2.0,2.0,2.0,2.0,1.0,2.0
1.0,18.0,9.0,1.0,34.208837,-118.87348,4.0,1.0,1.0,2.0,2.0,2.0,1.0,2.0
1.0,25.0,10.0,21.0,33.990555,-80.99826,1.0,1.0,1.0,1.0,1.0,2.0,2.0,1.0
2.0,25.0,11.0,7.0,33.507110,-112.08483,9.0,1.0,1.0,2.0,3.0,3.0,1.0,1.0
1.0,35.0,12.0,10.0,43.080399,-73.77038,10.0,1.0,2.0,1.0,3.0,2.0,1.0,3.0
1.0,18.0,11.0,7.0,33.507110,-112.08483,4.0,1.0,4.0,4.0,4.0,3.0,2.0,1.0
1.0,18.0,13.0,1.0,33.806965,-117.92594,4.0,2.0,1.0,1.0,1.0,2.0,3.0,2.0
1.0,25.0,14.0,8.0,44.875997,-93.37021,11.0,3.0,1.0,1.0,1.0,1.0,2.0,1.0
1.0,25.0,15.0,9.0,40.666552,-74.11768,19.0,2.0,1.0,1.0,1.0,3.0,2.0,2.0
1.0,25.0,16.0,11.0,39.188859,-84.45798,5.0,1.0,1.0,1.0,2.0,3.0,1.0,2.0
1.0,25.0,17.0,10.0,40.864166,-73.88881,13.0,1.0,1.0,1.0,2.0,2.0,2.0,1.0
1.0,18.0,18.0,12.0,43.593523,-116.19903,4.0,1.0,1.0,2.0,1.0,2.0,1.0,1.0
1.0,18.0,19.0,13.0,43.074296,-89.40774,4.0,1.0,1.0,1.0,1.0,1.0,1.0,2.0
1.0,25.0,20.0,8.0,44.913815,-93.17459,1.0,2.0,1.0,1.0,2.0,2.0,2.0,1.0
2.0,18.0,21.0,10.0,42.449454,-76.49685,4.0,1.0,1.0,1.0,2.0,3.0,2.0,2.0
1.0,18.0,22.0,14.0,43.823008,-69.66661,2.0,1.0,1.0,1.0,1.0,3.0,2.0,4.0
1.0,35.0,205.0,5.0,38.932303,-95.22513,10.0,3.0,1.0,1.0,2.0,2.0,1.0,2.0
1.0,25.0,14.0,8.0,44.903864,-93.37056,11.0,1.0,1.0,1.0,1.0,1.0,1.0,2.0
1.0,25.0,324.0,1.0,32.638654,-117.06686,13.0,1.0,1.0,2.0,2.0,3.0,1.0,3.0
1.0,18.0,25.0,34.0,39.731286,-104.98306,5.0,1.0,1.0,1.0,1.0,2.0,1.0,1.0
1.0,18.0,26.0,16.0,40.114931,-88.24322,4.0,1.0,1.0,2.0,2.0,1.0,1.0,1.0
1.0,18.0,27.0,14.0,44.554965,-69.61297,4.0,1.0,1.0,1.0,1.0,2.0,1.0,2.0
1.0,25.0,28.0,10.0,40.798502,-73.96811,6.0,3.0,1.0,1.0,2.0,2.0,2.0,2.0
1.0,35.0,29.0,17.0,42.343080,-71.09268,11.0,3.0,2.0,2.0,2.0,2.0,2.0,1.0
1.0,18.0,20.0,8.0,44.928315,-93.08876,3.0,1.0,1.0,1.0,1.0,3.0,1.0,2.0
2.0,18.0,30.0,18.0,34.771024,-92.37117,4.0,1.0,1.0,1.0,1.0,1.0,2.0,2.0
1.0,25.0,14.0,8.0,45.019315,-93.24304,7.0,2.0,1.0,1.0,1.0,1.0,1.0,3.0
1.0,18.0,20.0,8.0,44.804548,-93.19871,13.0,1.0,1.0,1.0,1.0,1.0,1.0,2.0
2.0,35.0,14.0,8.0,44.938615,-93.22082,5.0,2.0,1.0,1.0,3.0,3.0,1.0,2.0
1.0,25.0,20.0,8.0,45.076365,-93.19335,7.0,1.0,1.0,1.0,2.0,2.0,2.0,2.0
1.0,18.0,14.0,8.0,44.971965,-93.23588,4.0,1.0,1.0,1.0,2.0,1.0,2.0,1.0
1.0,18.0,31.0,13.0,44.043984,-88.53528,5.0,1.0,1.0,1.0,3.0,2.0,1.0,2.0
1.0,18.0,32.0,8.0,45.247509,-93.41800,2.0,1.0,2.0,1.0,1.0,2.0,1.0,2.0
1.0,18.0,33.0,11.0,40.070985,-82.52134,4.0,3.0,2.0,2.0,2.0,2.0,1.0,2.0
1.0,18.0,19.0,13.0,43.073395,-89.45049,19.0,1.0,1.0,1.0,1.0,2.0,2.0,2.0
1.0,25.0,20.0,8.0,44.934465,-93.16554,1.0,2.0,1.0,1.0,1.0,2.0,2.0,3.0
1.0,18.0,20.0,8.0,44.935315,-93.12049,4.0,2.0,1.0,1.0,1.0,3.0,1.0,2.0
1.0,18.0,34.0,13.0,44.829610,-91.50521,4.0,1.0,2.0,1.0,2.0,2.0,1.0,2.0
2.0,18.0,14.0,8.0,45.014764,-93.33965,4.0,1.0,2.0,2.0,2.0,1.0,2.0,1.0
1.0,25.0,35.0,8.0,44.953763,-93.43346,16.0,1.0,2.0,3.0,2.0,2.0,1.0,2.0
1.0,25.0,20.0,8.0,44.921982,-92.94234,6.0,1.0,1.0,1.0,1.0,2.0,2.0,2.0
2.0,18.0,36.0,19.0,38.843466,-77.08973,16.0,1.0,2.0,3.0,2.0,2.0,2.0,3.0
1.0,25.0,37.0,20.0,35.915083,-79.02939,13.0,1.0,1.0,2.0,2.0,2.0,2.0,1.0
1.0,18.0,19.0,13.0,43.078646,-89.37727,1.0,3.0,3.0,1.0,4.0,2.0,3.0,2.0
1.0,45.0,38.0,22.0,30.206922,-81.54604,7.0,4.0,1.0,3.0,1.0,2.0,1.0,1.0
1.0,25.0,39.0,23.0,29.690230,-95.43474,4.0,1.0,2.0,1.0,2.0,2.0,1.0,1.0
1.0,25.0,40.0,16.0,41.825520,-88.19452,7.0,1.0,1.0,1.0,3.0,2.0,1.0,1.0
1.0,25.0,41.0,23.0,32.786430,-96.81992,1.0,3.0,1.0,2.0,3.0,2.0,2.0,1.0
1.0,18.0,39.0,23.0,29.717529,-95.42821,4.0,1.0,2.0,1.0,1.0,2.0,1.0,3.0
1.0,35.0,42.0,9.0,40.132784,-74.71778,11.0,3.0,1.0,2.0,1.0,1.0,1.0,2.0
1.0,35.0,43.0,24.0,39.027259,-77.07745,11.0,2.0,1.0,2.0,2.0,3.0,2.0,3.0
1.0,45.0,44.0,25.0,30.278600,-92.02759,10.0,1.0,2.0,2.0,2.0,2.0,1.0,1.0
1.0,25.0,231.0,19.0,38.864669,-77.18781,7.0,1.0,1.0,1.0,1.0,2.0,1.0,2.0
1.0,18.0,20.0,8.0,44.896938,-92.90241,10.0,1.0,1.0,1.0,1.0,2.0,1.0,2.0
1.0,25.0,46.0,22.0,27.291694,-80.29691,5.0,1.0,1.0,2.0,2.0,2.0,2.0,1.0
2.0,25.0,47.0,10.0,42.535276,-79.16539,11.0,1.0,1.0,1.0,1.0,1.0,2.0,1.0
2.0,25.0,48.0,7.0,33.436767,-111.64338,5.0,1.0,2.0,1.0,1.0,3.0,1.0,2.0
1.0,25.0,3.0,1.0,37.758434,-122.43512,13.0,1.0,1.0,2.0,2.0,3.0,1.0,1.0
1.0,18.0,65.0,23.0,32.242816,-98.21058,4.0,1.0,4.0,4.0,4.0,2.0,3.0,2.0
1.0,18.0,50.0,26.0,34.613973,-98.46255,5.0,1.0,4.0,4.0,3.0,2.0,1.0,2.0
1.0,25.0,48.0,7.0,33.436767,-111.64338,9.0,2.0,1.0,1.0,2.0,2.0,1.0,1.0
1.0,25.0,51.0,1.0,37.269343,-121.84939,5.0,2.0,1.0,1.0,3.0,2.0,1.0,2.0
1.0,35.0,52.0,23.0,31.848055,-106.54487,11.0,4.0,1.0,3.0,3.0,1.0,1.0,2.0
1.0,18.0,36.0,23.0,32.721632,-97.14698,4.0,1.0,1.0,1.0,1.0,1.0,1.0,2.0
1.0,18.0,53.0,27.0,47.450321,-122.27472,4.0,1.0,1.0,2.0,2.0,2.0,1.0,1.0
2.0,35.0,54.0,28.0,42.169751,-122.61772,15.0,2.0,1.0,2.0,2.0,1.0,3.0,1.0
1.0,25.0,55.0,14.0,44.094773,-70.19141,16.0,1.0,1.0,2.0,2.0,2.0,1.0,3.0
1.0,1.0,19.0,13.0,43.036696,-89.44499,17.0,1.0,2.0,2.0,2.0,2.0,2.0,2.0
2.0,18.0,56.0,1.0,36.935552,-121.77972,17.0,2.0,3.0,3.0,3.0,3.0,1.0,2.0
2.0,25.0,282.0,28.0,44.060920,-123.08275,3.0,1.0,2.0,4.0,3.0,4.0,1.0,4.0
1.0,18.0,57.0,27.0,47.166320,-122.50844,4.0,3.0,4.0,3.0,2.0,2.0,3.0,1.0
1.0,18.0,58.0,19.0,38.026342,-78.53480,4.0,1.0,1.0,1.0,2.0,2.0,3.0,2.0
1.0,18.0,59.0,46.0,36.129822,-105.66493,17.0,3.0,1.0,1.0,1.0,2.0,1.0,2.0
1.0,50.0,60.0,27.0,48.497601,-121.70018,20.0,2.0,1.0,2.0,1.0,2.0,1.0,3.0
1.0,25.0,61.0,19.0,38.426786,-78.88153,10.0,1.0,1.0,1.0,3.0,2.0,1.0,2.0
1.0,25.0,53.0,27.0,47.671346,-122.34166,5.0,2.0,1.0,1.0,1.0,1.0,1.0,2.0
1.0,18.0,62.0,1.0,33.181543,-117.11136,9.0,1.0,2.0,1.0,1.0,1.0,1.0,1.0
1.0,25.0,64.0,1.0,33.934513,-117.95159,5.0,2.0,1.0,1.0,2.0,2.0,3.0,1.0
1.0,18.0,65.0,23.0,32.242816,-98.21058,16.0,1.0,1.0,1.0,2.0,3.0,3.0,2.0
2.0,1.0,66.0,9.0,40.575503,-74.35781,2.0,1.0,3.0,3.0,4.0,2.0,3.0,1.0
1.0,45.0,28.0,10.0,40.786387,-73.97709,9.0,4.0,2.0,2.0,3.0,3.0,3.0,1.0
2.0,25.0,67.0,45.0,33.925085,-83.34529,1.0,3.0,1.0,1.0,2.0,4.0,2.0,2.0
2.0,45.0,68.0,20.0,35.742752,-81.71625,13.0,2.0,1.0,2.0,3.0,2.0,1.0,2.0
2.0,35.0,69.0,1.0,33.195354,-117.28232,1.0,1.0,2.0,1.0,1.0,1.0,1.0,1.0
1.0,25.0,77.0,16.0,41.822681,-87.84753,18.0,1.0,1.0,1.0,1.0,2.0,1.0,1.0
1.0,50.0,71.0,47.0,20.771418,-156.45769,7.0,2.0,1.0,1.0,1.0,1.0,1.0,1.0
1.0,25.0,72.0,2.0,42.223482,-83.63316,5.0,1.0,1.0,1.0,2.0,3.0,2.0,1.0
1.0,35.0,53.0,27.0,47.538887,-122.38803,5.0,1.0,1.0,1.0,1.0,1.0,2.0,1.0
1.0,50.0,291.0,1.0,32.961014,-117.12510,10.0,3.0,1.0,2.0,2.0,2.0,2.0,2.0
1.0,25.0,73.0,22.0,29.611545,-82.39410,4.0,1.0,1.0,2.0,1.0,3.0,2.0,2.0
1.0,25.0,53.0,27.0,47.632870,-122.32253,7.0,3.0,1.0,1.0,1.0,2.0,1.0,2.0
1.0,25.0,51.0,1.0,37.269343,-121.84939,3.0,1.0,1.0,1.0,1.0,3.0,2.0,1.0
1.0,25.0,297.0,10.0,40.632120,-74.11551,5.0,1.0,1.0,1.0,2.0,3.0,3.0,3.0
1.0,35.0,75.0,10.0,40.641436,-74.01574,3.0,2.0,1.0,2.0,2.0,2.0,1.0,1.0
1.0,35.0,76.0,16.0,41.973181,-87.66650,1.0,2.0,2.0,1.0,2.0,2.0,1.0,1.0
2.0,25.0,77.0,16.0,41.822681,-87.84753,5.0,1.0,1.0,1.0,1.0,3.0,1.0,2.0
1.0,45.0,78.0,26.0,35.228649,-97.45629,7.0,2.0,1.0,1.0,3.0,2.0,2.0,2.0
1.0,25.0,89.0,28.0,44.635395,-123.08960,1.0,1.0,1.0,1.0,1.0,1.0,2.0,2.0
1.0,35.0,90.0,29.0,41.570916,-93.73568,11.0,2.0,1.0,1.0,1.0,2.0,1.0,1.0
1.0,18.0,298.0,27.0,48.747578,-122.48508,4.0,1.0,1.0,1.0,1.0,2.0,2.0,2.0
1.0,25.0,91.0,9.0,40.716332,-74.91405,10.0,2.0,1.0,1.0,1.0,1.0,1.0,2.0
2.0,1.0,53.0,27.0,47.671346,-122.34166,2.0,1.0,1.0,1.0,1.0,2.0,2.0,2.0
1.0,35.0,92.0,33.0,41.379340,-72.44578,1.0,1.0,1.0,2.0,2.0,2.0,3.0,3.0
1.0,35.0,147.0,2.0,42.307288,-83.70443,20.0,1.0,2.0,2.0,3.0,2.0,2.0,1.0
1.0,18.0,94.0,30.0,39.961612,-75.19957,20.0,1.0,1.0,1.0,2.0,2.0,1.0,1.0
1.0,18.0,95.0,28.0,45.514241,-122.60089,4.0,2.0,2.0,1.0,2.0,2.0,2.0,1.0
1.0,18.0,28.0,10.0,40.752159,-73.97231,16.0,1.0,1.0,1.0,2.0,2.0,3.0,2.0
1.0,18.0,96.0,1.0,38.549256,-121.73655,4.0,1.0,1.0,2.0,2.0,2.0,1.0,3.0
2.0,18.0,19.0,13.0,43.061546,-89.40024,4.0,1.0,1.0,2.0,1.0,3.0,2.0,1.0
1.0,18.0,97.0,16.0,42.265643,-88.31664,11.0,1.0,1.0,1.0,2.0,2.0,1.0,3.0
1.0,18.0,94.0,30.0,40.064257,-75.00155,9.0,1.0,1.0,1.0,1.0,2.0,1.0,2.0
1.0,18.0,98.0,10.0,42.911377,-76.87027,4.0,1.0,3.0,3.0,2.0,2.0,2.0,1.0
1.0,25.0,99.0,36.0,41.098248,-85.12061,18.0,2.0,1.0,1.0,1.0,3.0,2.0,1.0
1.0,25.0,100.0,1.0,33.871214,-118.37177,13.0,3.0,1.0,2.0,3.0,2.0,1.0,3.0
1.0,50.0,101.0,1.0,34.112958,-118.15577,1.0,3.0,1.0,1.0,1.0,2.0,1.0,1.0
1.0,35.0,102.0,24.0,38.931930,-76.72457,11.0,3.0,2.0,2.0,3.0,4.0,2.0,1.0
1.0,1.0,103.0,1.0,34.276154,-118.54581,2.0,1.0,3.0,2.0,1.0,3.0,2.0,2.0
2.0,25.0,104.0,1.0,34.050764,-117.25327,4.0,1.0,2.0,2.0,2.0,2.0,1.0,3.0
2.0,25.0,96.0,1.0,38.619545,-121.96153,1.0,1.0,2.0,2.0,2.0,2.0,2.0,3.0
1.0,35.0,105.0,28.0,45.517695,-122.85826,13.0,1.0,1.0,1.0,1.0,1.0,1.0,2.0
1.0,50.0,106.0,11.0,41.667361,-83.71609,5.0,3.0,2.0,2.0,2.0,1.0,3.0,3.0
1.0,35.0,107.0,19.0,37.115698,-76.51830,7.0,1.0,1.0,1.0,2.0,1.0,1.0,2.0
1.0,25.0,51.0,1.0,37.295092,-121.89649,19.0,2.0,1.0,1.0,1.0,2.0,2.0,1.0
1.0,25.0,108.0,19.0,38.846212,-77.32787,4.0,2.0,1.0,1.0,3.0,2.0,3.0,2.0
1.0,18.0,298.0,27.0,48.747578,-122.48508,4.0,1.0,2.0,1.0,1.0,3.0,2.0,2.0
1.0,25.0,109.0,20.0,35.321279,-80.74050,7.0,1.0,1.0,1.0,2.0,4.0,1.0,3.0
1.0,25.0,19.0,13.0,43.036696,-89.44499,1.0,2.0,1.0,1.0,2.0,3.0,1.0,2.0
1.0,25.0,110.0,30.0,40.601996,-75.52104,4.0,1.0,2.0,2.0,2.0,3.0,2.0,2.0
1.0,25.0,89.0,10.0,42.678112,-73.82983,18.0,3.0,1.0,3.0,3.0,3.0,2.0,1.0
1.0,45.0,111.0,35.0,35.167987,-85.21158,11.0,1.0,2.0,2.0,4.0,3.0,3.0,2.0
1.0,35.0,53.0,27.0,47.716648,-122.30308,4.0,1.0,1.0,1.0,2.0,1.0,1.0,1.0
1.0,25.0,291.0,1.0,32.791246,-117.24343,11.0,1.0,1.0,1.0,2.0,2.0,1.0,2.0
1.0,25.0,299.0,17.0,42.089104,-71.40690,16.0,1.0,1.0,1.0,1.0,2.0,1.0,1.0
2.0,25.0,17.0,10.0,40.878522,-73.82541,6.0,1.0,1.0,1.0,1.0,1.0,2.0,1.0
1.0,25.0,95.0,28.0,45.589689,-122.73875,16.0,2.0,1.0,1.0,1.0,1.0,1.0,1.0
1.0,25.0,112.0,48.0,39.246179,-94.41763,3.0,1.0,1.0,1.0,1.0,2.0,1.0,2.0
1.0,45.0,113.0,27.0,47.752870,-122.24736,11.0,2.0,1.0,2.0,2.0,2.0,2.0,2.0
1.0,18.0,273.0,16.0,42.037108,-88.10719,16.0,1.0,1.0,1.0,1.0,2.0,1.0,2.0
1.0,25.0,115.0,33.0,41.219530,-73.05540,7.0,1.0,1.0,1.0,3.0,2.0,1.0,1.0
1.0,25.0,116.0,10.0,43.326840,-78.83068,11.0,1.0,2.0,1.0,3.0,2.0,2.0,1.0
2.0,25.0,117.0,1.0,37.380207,-122.08787,6.0,2.0,1.0,1.0,1.0,3.0,3.0,3.0
2.0,18.0,118.0,1.0,34.087108,-117.96966,4.0,3.0,1.0,2.0,3.0,5.0,2.0,4.0
1.0,25.0,119.0,10.0,42.820909,-73.92002,21.0,2.0,1.0,1.0,1.0,3.0,1.0,1.0
2.0,25.0,120.0,43.0,39.758563,-75.56413,11.0,2.0,1.0,1.0,1.0,2.0,1.0,3.0
1.0,25.0,120.0,43.0,39.738563,-75.54833,7.0,1.0,1.0,1.0,1.0,3.0,2.0,1.0
1.0,18.0,121.0,33.0,41.163445,-73.26290,4.0,2.0,1.0,1.0,1.0,2.0,1.0,2.0
1.0,18.0,122.0,10.0,40.946805,-73.78797,7.0,1.0,1.0,2.0,2.0,2.0,2.0,1.0
1.0,18.0,53.0,27.0,47.611570,-122.30406,3.0,2.0,1.0,2.0,2.0,2.0,3.0,3.0
1.0,18.0,72.0,2.0,42.223482,-83.63316,4.0,2.0,2.0,1.0,2.0,2.0,1.0,2.0
1.0,18.0,123.0,17.0,42.449978,-72.56302,4.0,1.0,1.0,1.0,1.0,1.0,2.0,1.0
1.0,18.0,124.0,1.0,37.499175,-122.26655,16.0,1.0,1.0,3.0,2.0,2.0,1.0,2.0
1.0,25.0,125.0,24.0,38.997511,-76.49803,13.0,1.0,1.0,1.0,2.0,1.0,1.0,1.0
1.0,18.0,254.0,34.0,40.586282,-105.10494,4.0,1.0,1.0,1.0,1.0,2.0,2.0,1.0
1.0,35.0,127.0,30.0,40.343261,-76.78080,9.0,1.0,2.0,2.0,3.0,3.0,2.0,3.0
1.0,35.0,128.0,1.0,34.061611,-118.23944,9.0,2.0,1.0,1.0,2.0,1.0,1.0,1.0
1.0,25.0,129.0,1.0,38.393314,-122.83666,1.0,1.0,1.0,2.0,1.0,4.0,1.0,3.0
1.0,18.0,10.0,21.0,33.998454,-81.03519,4.0,1.0,1.0,1.0,1.0,3.0,2.0,1.0
1.0,18.0,3.0,1.0,37.782029,-122.46158,4.0,2.0,2.0,1.0,3.0,1.0,1.0,2.0
1.0,18.0,130.0,33.0,41.317197,-72.92798,4.0,1.0,1.0,1.0,1.0,1.0,2.0,2.0
1.0,25.0,3.0,1.0,37.792678,-122.40793,7.0,1.0,3.0,2.0,3.0,1.0,1.0,1.0
1.0,50.0,25.0,34.0,39.734387,-104.91678,21.0,1.0,1.0,1.0,1.0,1.0,1.0,2.0
1.0,25.0,131.0,1.0,33.639994,-117.60351,13.0,3.0,1.0,2.0,2.0,3.0,2.0,1.0
1.0,1.0,132.0,10.0,40.779911,-73.47948,5.0,1.0,2.0,1.0,1.0,1.0,1.0,2.0
1.0,18.0,133.0,10.0,42.614979,-73.84086,7.0,2.0,1.0,1.0,1.0,1.0,1.0,1.0
1.0,25.0,134.0,16.0,42.056391,-87.69684,5.0,2.0,1.0,1.0,2.0,2.0,2.0,2.0
1.0,25.0,67.0,11.0,39.322847,-82.09728,17.0,2.0,1.0,1.0,1.0,1.0,1.0,1.0
1.0,45.0,135.0,23.0,30.712538,-94.89915,11.0,2.0,1.0,1.0,2.0,1.0,1.0,1.0
2.0,25.0,6.0,45.0,33.771755,-84.38065,3.0,2.0,2.0,1.0,1.0,2.0,3.0,2.0
1.0,35.0,136.0,29.0,41.678220,-93.79350,11.0,1.0,1.0,1.0,2.0,3.0,1.0,3.0
1.0,25.0,137.0,1.0,33.666269,-117.96930,5.0,3.0,1.0,1.0,2.0,3.0,4.0,4.0
2.0,18.0,109.0,20.0,35.113906,-80.76130,5.0,2.0,1.0,2.0,2.0,2.0,3.0,1.0
1.0,25.0,118.0,32.0,43.304163,-70.99816,5.0,1.0,1.0,1.0,2.0,3.0,1.0,3.0
1.0,25.0,129.0,30.0,40.992023,-80.32747,5.0,1.0,1.0,1.0,1.0,2.0,1.0,3.0
1.0,25.0,130.0,11.0,41.688162,-81.33378,13.0,2.0,1.0,1.0,2.0,1.0,3.0,1.0
1.0,25.0,131.0,33.0,41.390194,-73.45441,5.0,1.0,1.0,1.0,1.0,3.0,2.0,3.0
1.0,18.0,128.0,1.0,34.098859,-118.32745,9.0,2.0,1.0,1.0,1.0,1.0,2.0,2.0
1.0,25.0,3.0,1.0,37.784827,-122.72780,10.0,2.0,1.0,1.0,1.0,3.0,2.0,4.0
1.0,25.0,95.0,28.0,45.544240,-122.64353,5.0,1.0,1.0,1.0,1.0,2.0,1.0,2.0
1.0,25.0,132.0,1.0,38.438161,-122.67419,7.0,1.0,2.0,3.0,3.0,1.0,1.0,2.0
1.0,18.0,53.0,27.0,47.543348,-122.27496,22.0,2.0,1.0,1.0,1.0,2.0,2.0,2.0
1.0,25.0,133.0,1.0,37.806427,-122.28898,17.0,3.0,1.0,1.0,1.0,1.0,2.0,2.0
1.0,18.0,134.0,1.0,37.856683,-122.02488,4.0,1.0,1.0,2.0,1.0,2.0,1.0,2.0
1.0,25.0,135.0,30.0,40.329619,-80.07364,16.0,1.0,1.0,2.0,1.0,1.0,1.0,1.0
1.0,25.0,136.0,1.0,37.488580,-120.85196,9.0,1.0,3.0,1.0,2.0,1.0,1.0,1.0
1.0,35.0,137.0,1.0,38.616891,-121.49623,13.0,1.0,2.0,2.0,2.0,3.0,2.0,2.0
1.0,25.0,53.0,27.0,47.574870,-122.39392,13.0,2.0,1.0,1.0,1.0,2.0,3.0,1.0
1.0,35.0,95.0,28.0,45.513790,-122.64580,6.0,1.0,1.0,1.0,3.0,3.0,2.0,1.0
1.0,25.0,138.0,26.0,35.681402,-97.53310,5.0,1.0,2.0,2.0,2.0,1.0,1.0,2.0
2.0,50.0,6.0,45.0,33.768205,-84.33786,20.0,1.0,1.0,1.0,4.0,3.0,2.0,3.0
1.0,18.0,139.0,49.0,18.412462,-66.16033,4.0,1.0,1.0,1.0,1.0,2.0,1.0,2.0
1.0,18.0,140.0,23.0,32.767329,-96.60759,5.0,1.0,1.0,1.0,1.0,1.0,2.0,1.0
1.0,25.0,41.0,23.0,32.836094,-96.79524,9.0,1.0,1.0,1.0,2.0,1.0,1.0,2.0
1.0,25.0,143.0,25.0,29.927305,-90.10197,4.0,2.0,1.0,1.0,2.0,2.0,2.0,3.0
1.0,18.0,144.0,1.0,37.868575,-122.25855,4.0,1.0,1.0,2.0,1.0,1.0,1.0,1.0
1.0,35.0,145.0,19.0,38.896361,-77.29102,1.0,2.0,1.0,2.0,2.0,1.0,1.0,2.0
1.0,25.0,146.0,24.0,39.117550,-77.23548,19.0,4.0,1.0,1.0,1.0,2.0,3.0,1.0
1.0,18.0,143.0,25.0,29.952305,-90.12347,4.0,1.0,1.0,1.0,1.0,2.0,1.0,2.0
1.0,25.0,7.0,19.0,38.806163,-77.05139,11.0,4.0,1.0,1.0,1.0,2.0,1.0,3.0
2.0,25.0,147.0,2.0,42.280887,-83.79147,13.0,1.0,2.0,2.0,2.0,2.0,2.0,1.0
1.0,35.0,19.0,13.0,43.074296,-89.40774,1.0,2.0,2.0,2.0,2.0,3.0,1.0,2.0
1.0,25.0,90.0,29.0,41.570916,-93.73568,9.0,1.0,1.0,1.0,3.0,2.0,2.0,1.0
1.0,25.0,66.0,9.0,40.516104,-74.39754,6.0,1.0,1.0,1.0,2.0,2.0,2.0,1.0
1.0,18.0,300.0,13.0,42.818747,-88.73279,4.0,1.0,1.0,1.0,1.0,2.0,1.0,2.0
1.0,25.0,301.0,50.0,46.696501,-111.96895,17.0,1.0,1.0,1.0,1.0,3.0,1.0,2.0
1.0,18.0,302.0,1.0,34.278812,-119.16784,4.0,1.0,1.0,1.0,1.0,1.0,1.0,2.0
1.0,56.0,303.0,1.0,38.099119,-122.21035,10.0,3.0,1.0,1.0,2.0,1.0,1.0,2.0
1.0,35.0,29.0,17.0,42.334990,-71.04562,11.0,3.0,2.0,2.0,2.0,1.0,1.0,1.0
1.0,35.0,304.0,1.0,34.134057,-118.02662,5.0,2.0,1.0,1.0,1.0,2.0,1.0,1.0
1.0,45.0,250.0,1.0,34.433687,-119.63184,9.0,1.0,2.0,2.0,2.0,2.0,1.0,2.0
1.0,18.0,305.0,34.0,39.960000,-105.02000,16.0,2.0,1.0,1.0,1.0,2.0,2.0,3.0
2.0,45.0,306.0,17.0,42.348418,-71.15349,20.0,1.0,1.0,2.0,3.0,1.0,1.0,3.0
1.0,18.0,191.0,45.0,34.194029,-84.43884,1.0,2.0,1.0,1.0,1.0,1.0,1.0,2.0
1.0,25.0,103.0,1.0,34.235055,-118.51766,4.0,1.0,1.0,1.0,2.0,2.0,3.0,2.0
2.0,25.0,149.0,1.0,37.449888,-122.12749,11.0,3.0,1.0,3.0,3.0,2.0,3.0,3.0
1.0,25.0,307.0,1.0,37.657780,-121.73011,18.0,1.0,2.0,2.0,3.0,2.0,1.0,3.0
1.0,35.0,307.0,1.0,37.657780,-121.73011,7.0,3.0,1.0,1.0,1.0,1.0,1.0,2.0
1.0,18.0,308.0,1.0,34.186755,-118.30153,4.0,1.0,2.0,1.0,1.0,3.0,2.0,3.0
2.0,25.0,309.0,30.0,40.215939,-76.99827,1.0,2.0,1.0,1.0,1.0,1.0,2.0,3.0
2.0,25.0,291.0,1.0,32.762350,-117.12246,3.0,3.0,1.0,1.0,1.0,1.0,1.0,2.0
1.0,35.0,310.0,10.0,42.646978,-73.87151,7.0,1.0,1.0,1.0,2.0,2.0,1.0,2.0
1.0,35.0,115.0,33.0,41.219530,-73.05540,11.0,1.0,2.0,2.0,2.0,2.0,1.0,2.0
1.0,18.0,291.0,1.0,32.946776,-117.21918,2.0,2.0,1.0,1.0,1.0,3.0,2.0,2.0
1.0,35.0,311.0,7.0,31.377370,-110.92640,5.0,2.0,1.0,2.0,2.0,2.0,1.0,2.0
1.0,18.0,312.0,34.0,39.085981,-108.44444,4.0,1.0,1.0,1.0,2.0,3.0,1.0,2.0
1.0,18.0,294.0,17.0,42.369562,-72.63599,4.0,2.0,1.0,1.0,2.0,2.0,3.0,1.0
1.0,25.0,313.0,11.0,39.404856,-84.52271,11.0,2.0,1.0,3.0,4.0,2.0,3.0,1.0
1.0,25.0,314.0,16.0,41.869779,-88.06285,11.0,1.0,1.0,1.0,1.0,2.0,1.0,2.0
1.0,18.0,315.0,8.0,44.156440,-93.99388,4.0,1.0,1.0,1.0,1.0,2.0,1.0,2.0
1.0,56.0,316.0,32.0,43.060424,-71.95068,23.0,3.0,1.0,1.0,1.0,2.0,2.0,3.0
1.0,25.0,317.0,23.0,30.062436,-95.16945,4.0,1.0,1.0,1.0,3.0,3.0,2.0,1.0
1.0,25.0,318.0,32.0,42.942551,-71.51993,13.0,2.0,1.0,1.0,1.0,1.0,1.0,1.0
1.0,25.0,319.0,8.0,45.526066,-94.20649,4.0,1.0,1.0,1.0,1.0,2.0,2.0,1.0
1.0,25.0,320.0,11.0,39.530972,-82.40801,4.0,1.0,2.0,2.0,2.0,2.0,3.0,3.0
1.0,45.0,321.0,17.0,42.286543,-71.78846,11.0,3.0,1.0,1.0,2.0,1.0,2.0,2.0
2.0,18.0,322.0,10.0,42.924166,-76.78366,4.0,1.0,2.0,3.0,3.0,2.0,1.0,2.0
1.0,18.0,20.0,8.0,45.076365,-93.19335,5.0,1.0,2.0,2.0,2.0,2.0,2.0,1.0
1.0,56.0,323.0,2.0,42.295005,-85.62247,1.0,2.0,1.0,3.0,3.0,3.0,2.0,2.0
1.0,25.0,324.0,19.0,37.232027,-80.42127,1.0,1.0,1.0,1.0,2.0,3.0,1.0,3.0
1.0,18.0,325.0,24.0,39.633946,-77.73025,22.0,2.0,1.0,1.0,1.0,1.0,1.0,1.0
1.0,18.0,164.0,2.0,42.927801,-85.54582,4.0,1.0,1.0,1.0,1.0,2.0,1.0,1.0
1.0,35.0,28.0,10.0,40.759511,-73.99019,4.0,3.0,1.0,1.0,2.0,3.0,2.0,2.0
1.0,35.0,326.0,36.0,39.973731,-86.08875,3.0,1.0,1.0,2.0,1.0,1.0,3.0,1.0
1.0,25.0,95.0,14.0,43.685882,-70.29030,21.0,1.0,1.0,3.0,1.0,3.0,2.0,1.0
1.0,25.0,327.0,17.0,42.318695,-71.42344,5.0,1.0,1.0,1.0,2.0,3.0,1.0,2.0
1.0,45.0,99.0,36.0,41.054247,-85.23878,16.0,1.0,1.0,2.0,2.0,2.0,2.0,2.0
2.0,18.0,328.0,34.0,37.295888,-107.84945,5.0,1.0,2.0,1.0,1.0,1.0,3.0,2.0
1.0,25.0,329.0,22.0,28.401151,-81.52488,11.0,1.0,2.0,2.0,2.0,1.0,1.0,1.0
2.0,35.0,330.0,1.0,38.939725,-122.78548,9.0,1.0,1.0,1.0,1.0,2.0,1.0,2.0
1.0,25.0,16.0,11.0,39.075329,-84.27311,5.0,2.0,1.0,1.0,1.0,2.0,3.0,3.0
2.0,25.0,28.0,10.0,40.746180,-73.97759,11.0,3.0,1.0,2.0,4.0,2.0,3.0,2.0
2.0,25.0,331.0,1.0,36.586193,-121.88667,5.0,1.0,2.0,2.0,2.0,2.0,1.0,2.0
1.0,25.0,332.0,16.0,42.034776,-88.32393,6.0,3.0,1.0,1.0,2.0,1.0,2.0,2.0
1.0,25.0,333.0,16.0,42.229856,-87.96779,16.0,1.0,1.0,1.0,1.0,1.0,1.0,2.0
1.0,18.0,334.0,16.0,41.875429,-88.01723,2.0,1.0,1.0,1.0,1.0,2.0,2.0,1.0
1.0,45.0,335.0,48.0,39.165253,-94.53158,13.0,2.0,1.0,1.0,1.0,1.0,3.0,1.0
1.0,18.0,336.0,16.0,41.924127,-88.74617,4.0,1.0,1.0,2.0,1.0,2.0,2.0,1.0
1.0,1.0,337.0,16.0,41.728738,-88.12824,2.0,1.0,1.0,1.0,2.0,1.0,1.0,2.0
1.0,56.0,338.0,16.0,41.766029,-88.35254,23.0,3.0,1.0,1.0,2.0,2.0,1.0,2.0
1.0,50.0,339.0,10.0,43.037166,-76.12653,16.0,1.0,1.0,2.0,2.0,1.0,1.0,2.0
1.0,1.0,340.0,10.0,43.028516,-76.00876,2.0,1.0,2.0,2.0,2.0,3.0,2.0,2.0
1.0,25.0,198.0,17.0,42.393327,-71.12837,7.0,1.0,1.0,1.0,1.0,2.0,1.0,1.0
1.0,35.0,147.0,2.0,42.266805,-83.72297,6.0,1.0,1.0,2.0,2.0,2.0,1.0,1.0
2.0,35.0,148.0,17.0,42.231444,-71.70523,16.0,2.0,1.0,1.0,1.0,3.0,1.0,1.0
1.0,25.0,58.0,19.0,38.026342,-78.53480,6.0,1.0,2.0,2.0,1.0,3.0,1.0,1.0
1.0,25.0,58.0,19.0,38.008470,-78.47803,11.0,1.0,1.0,2.0,1.0,1.0,1.0,3.0
1.0,18.0,28.0,10.0,40.709677,-74.00365,11.0,1.0,1.0,1.0,1.0,3.0,1.0,2.0
1.0,25.0,14.0,8.0,45.064714,-93.34155,11.0,2.0,2.0,2.0,2.0,3.0,1.0,1.0
1.0,25.0,76.0,16.0,41.975080,-87.81630,5.0,4.0,1.0,1.0,1.0,3.0,2.0,2.0
1.0,25.0,149.0,1.0,37.449888,-122.12749,18.0,1.0,1.0,1.0,2.0,2.0,2.0,2.0
1.0,45.0,169.0,45.0,32.471492,-84.98005,21.0,3.0,1.0,1.0,1.0,2.0,1.0,2.0
1.0,25.0,53.0,27.0,47.683820,-122.30122,11.0,1.0,1.0,1.0,1.0,2.0,1.0,1.0
1.0,35.0,150.0,35.0,36.561341,-82.16869,19.0,1.0,1.0,1.0,1.0,1.0,1.0,2.0
1.0,45.0,151.0,29.0,42.515252,-90.67940,1.0,3.0,2.0,3.0,3.0,2.0,3.0,1.0
1.0,18.0,141.0,27.0,47.790653,-122.22021,5.0,1.0,1.0,1.0,1.0,3.0,1.0,2.0
1.0,35.0,152.0,1.0,37.377140,-122.12412,7.0,3.0,1.0,2.0,2.0,2.0,2.0,1.0
1.0,25.0,142.0,33.0,41.536048,-72.81973,5.0,1.0,1.0,1.0,2.0,3.0,1.0,3.0
1.0,35.0,341.0,44.0,-999.000000,-999.00000,16.0,1.0,1.0,1.0,2.0,3.0,1.0,1.0
1.0,45.0,153.0,1.0,37.562218,-121.99433,10.0,1.0,1.0,2.0,2.0,2.0,1.0,1.0
1.0,18.0,135.0,30.0,40.443269,-79.95487,4.0,4.0,1.0,2.0,1.0,3.0,1.0,3.0
1.0,18.0,154.0,36.0,40.202293,-85.40822,4.0,2.0,3.0,3.0,2.0,2.0,1.0,1.0
1.0,35.0,155.0,29.0,42.021016,-91.65231,11.0,2.0,1.0,1.0,1.0,1.0,2.0,1.0
2.0,18.0,156.0,17.0,42.381929,-71.09908,4.0,1.0,1.0,1.0,2.0,2.0,2.0,2.0
1.0,35.0,157.0,16.0,41.918578,-88.13688,11.0,1.0,1.0,1.0,1.0,2.0,1.0,1.0
1.0,18.0,158.0,33.0,41.556463,-72.65818,4.0,1.0,1.0,1.0,1.0,1.0,1.0,2.0
1.0,25.0,159.0,7.0,32.240625,-110.94791,4.0,4.0,1.0,1.0,3.0,4.0,4.0,2.0
1.0,18.0,277.0,28.0,44.565648,-123.27906,4.0,1.0,1.0,1.0,2.0,2.0,1.0,1.0
1.0,35.0,161.0,34.0,38.888394,-104.73975,20.0,2.0,1.0,1.0,1.0,2.0,1.0,1.0
1.0,50.0,162.0,17.0,42.452895,-71.21619,11.0,1.0,1.0,1.0,2.0,1.0,1.0,1.0
1.0,18.0,163.0,1.0,32.838761,-117.26159,1.0,1.0,1.0,3.0,3.0,2.0,2.0,3.0
1.0,25.0,134.0,16.0,42.056391,-87.69684,4.0,1.0,1.0,2.0,2.0,2.0,1.0,2.0
1.0,25.0,11.0,7.0,33.507110,-112.08483,9.0,1.0,1.0,1.0,1.0,2.0,1.0,2.0
1.0,35.0,143.0,25.0,29.968054,-90.06403,11.0,1.0,1.0,1.0,1.0,2.0,1.0,1.0
1.0,35.0,29.0,17.0,42.334990,-71.04562,11.0,3.0,1.0,1.0,2.0,1.0,1.0,1.0
1.0,18.0,29.0,17.0,42.349838,-71.06101,4.0,1.0,2.0,2.0,3.0,2.0,2.0,1.0
1.0,18.0,164.0,2.0,42.945727,-85.61899,5.0,1.0,1.0,1.0,2.0,3.0,1.0,3.0
1.0,50.0,165.0,27.0,47.510739,-122.18372,13.0,1.0,1.0,2.0,2.0,4.0,3.0,3.0
1.0,18.0,28.0,10.0,40.812665,-73.95499,4.0,1.0,1.0,1.0,1.0,2.0,3.0,2.0
1.0,25.0,19.0,13.0,43.072994,-89.51992,11.0,3.0,1.0,1.0,1.0,2.0,1.0,4.0
1.0,35.0,176.0,1.0,37.451688,-122.18385,13.0,2.0,1.0,2.0,3.0,4.0,1.0,2.0
2.0,18.0,341.0,48.0,38.772117,-93.73519,4.0,4.0,1.0,1.0,1.0,2.0,2.0,3.0
1.0,25.0,167.0,5.0,39.030172,-94.63097,3.0,1.0,1.0,1.0,1.0,2.0,1.0,1.0
1.0,25.0,14.0,8.0,44.825700,-93.38212,16.0,1.0,1.0,1.0,1.0,3.0,2.0,2.0
1.0,25.0,135.0,9.0,40.788733,-74.32134,19.0,1.0,1.0,1.0,2.0,1.0,1.0,2.0
1.0,18.0,168.0,16.0,42.366253,-88.09647,16.0,3.0,1.0,1.0,1.0,1.0,1.0,2.0
1.0,35.0,3.0,1.0,37.801878,-122.41018,16.0,1.0,1.0,2.0,2.0,2.0,1.0,2.0
1.0,18.0,51.0,1.0,37.213624,-121.85671,13.0,1.0,1.0,1.0,1.0,2.0,1.0,2.0
1.0,25.0,169.0,11.0,39.954363,-83.12300,11.0,1.0,1.0,1.0,1.0,1.0,1.0,2.0
1.0,25.0,53.0,27.0,47.629653,-122.29752,13.0,1.0,2.0,1.0,3.0,3.0,2.0,2.0
1.0,25.0,128.0,1.0,34.122058,-118.33790,6.0,1.0,1.0,1.0,3.0,3.0,2.0,2.0
1.0,18.0,76.0,16.0,41.922682,-87.65432,6.0,1.0,1.0,1.0,1.0,2.0,1.0,1.0
1.0,18.0,170.0,30.0,40.802661,-77.89936,4.0,1.0,1.0,1.0,2.0,3.0,1.0,2.0
1.0,35.0,171.0,1.0,33.640223,-117.69108,10.0,2.0,2.0,3.0,2.0,2.0,1.0,3.0
1.0,25.0,277.0,28.0,44.608694,-123.27520,4.0,1.0,1.0,1.0,2.0,3.0,3.0,1.0
1.0,35.0,179.0,1.0,37.278843,-121.95446,21.0,1.0,2.0,2.0,2.0,2.0,1.0,1.0
1.0,25.0,277.0,28.0,44.527890,-123.27910,18.0,1.0,1.0,1.0,1.0,2.0,2.0,2.0
1.0,18.0,163.0,1.0,32.838761,-117.26159,4.0,1.0,1.0,1.0,1.0,1.0,2.0,1.0
1.0,18.0,172.0,42.0,41.836350,-71.39427,4.0,3.0,1.0,1.0,2.0,2.0,3.0,1.0
1.0,18.0,173.0,17.0,42.205038,-70.75130,6.0,2.0,2.0,1.0,2.0,2.0,2.0,1.0
1.0,18.0,174.0,1.0,37.483504,-122.21440,7.0,2.0,1.0,1.0,1.0,3.0,2.0,1.0
2.0,25.0,175.0,17.0,42.428549,-71.06059,5.0,1.0,1.0,2.0,2.0,2.0,1.0,1.0
1.0,18.0,177.0,28.0,43.227287,-123.35138,4.0,1.0,2.0,2.0,3.0,3.0,1.0,2.0
2.0,25.0,178.0,33.0,41.752750,-72.75460,19.0,1.0,1.0,1.0,2.0,2.0,2.0,2.0
1.0,50.0,342.0,19.0,38.760747,-77.31684,20.0,1.0,2.0,2.0,2.0,3.0,1.0,1.0
1.0,25.0,28.0,10.0,40.717040,-73.98700,5.0,2.0,1.0,3.0,3.0,3.0,1.0,4.0
1.0,25.0,180.0,24.0,39.419105,-76.78388,11.0,2.0,2.0,2.0,2.0,2.0,1.0,1.0
2.0,25.0,96.0,1.0,38.549256,-121.73655,4.0,1.0,2.0,2.0,2.0,3.0,2.0,2.0
1.0,25.0,135.0,30.0,40.430919,-79.92569,18.0,1.0,1.0,1.0,1.0,2.0,1.0,3.0
1.0,18.0,96.0,1.0,38.549256,-121.73655,18.0,1.0,1.0,1.0,1.0,2.0,1.0,2.0
1.0,25.0,12.0,10.0,43.080399,-73.77038,13.0,1.0,1.0,1.0,1.0,3.0,1.0,2.0
1.0,25.0,182.0,1.0,33.976373,-118.45458,10.0,1.0,2.0,1.0,1.0,2.0,2.0,2.0
1.0,18.0,172.0,42.0,41.826737,-71.39770,4.0,2.0,1.0,1.0,1.0,2.0,2.0,1.0
2.0,35.0,183.0,34.0,40.039784,-105.27938,10.0,1.0,1.0,2.0,1.0,3.0,3.0,1.0
2.0,25.0,185.0,1.0,35.563246,-121.07736,16.0,1.0,3.0,3.0,3.0,2.0,3.0,2.0
2.0,25.0,76.0,16.0,41.940832,-87.65852,16.0,1.0,3.0,2.0,2.0,1.0,1.0,4.0
1.0,25.0,186.0,37.0,44.751801,-72.88247,16.0,3.0,1.0,1.0,2.0,2.0,2.0,2.0
2.0,18.0,96.0,1.0,38.549256,-121.73655,4.0,1.0,1.0,1.0,1.0,1.0,1.0,2.0
1.0,25.0,187.0,11.0,41.016159,-80.61549,4.0,1.0,1.0,2.0,2.0,1.0,1.0,1.0
1.0,25.0,19.0,13.0,43.121416,-89.34968,18.0,1.0,1.0,1.0,1.0,2.0,1.0,1.0
1.0,35.0,188.0,9.0,39.478771,-74.75810,5.0,2.0,1.0,1.0,1.0,1.0,1.0,2.0
1.0,25.0,189.0,22.0,26.344955,-80.11226,11.0,2.0,1.0,2.0,2.0,3.0,4.0,2.0
1.0,25.0,190.0,23.0,32.029022,-102.08618,7.0,1.0,1.0,1.0,1.0,2.0,1.0,2.0
1.0,25.0,191.0,11.0,40.776858,-81.40593,4.0,1.0,1.0,1.0,2.0,3.0,1.0,3.0
1.0,25.0,128.0,1.0,34.110425,-118.25832,4.0,1.0,2.0,2.0,2.0,2.0,3.0,1.0
2.0,18.0,128.0,1.0,34.110425,-118.25832,4.0,1.0,2.0,2.0,1.0,5.0,4.0,3.0
1.0,35.0,182.0,1.0,33.976373,-118.45458,9.0,1.0,1.0,2.0,2.0,1.0,2.0,2.0
1.0,35.0,181.0,1.0,34.639682,-120.44710,7.0,1.0,1.0,1.0,2.0,3.0,1.0,2.0
1.0,35.0,131.0,1.0,33.639994,-117.60351,7.0,1.0,1.0,1.0,1.0,2.0,1.0,1.0
1.0,35.0,192.0,1.0,37.189396,-121.70533,11.0,1.0,2.0,1.0,2.0,1.0,1.0,1.0
2.0,25.0,193.0,1.0,34.068059,-117.93835,1.0,1.0,1.0,2.0,2.0,2.0,1.0,2.0
1.0,25.0,14.0,8.0,44.875614,-93.33487,16.0,1.0,2.0,2.0,2.0,2.0,2.0,1.0
1.0,18.0,194.0,1.0,33.874314,-117.96370,4.0,1.0,2.0,1.0,2.0,3.0,3.0,3.0
1.0,18.0,343.0,10.0,44.030204,-75.81845,5.0,1.0,1.0,1.0,1.0,2.0,1.0,2.0
1.0,35.0,184.0,1.0,34.090975,-118.38130,11.0,1.0,2.0,1.0,3.0,2.0,2.0,2.0
1.0,25.0,195.0,9.0,40.081165,-74.06003,16.0,1.0,1.0,1.0,1.0,2.0,1.0,3.0
1.0,35.0,197.0,23.0,32.699565,-97.37808,11.0,3.0,1.0,1.0,1.0,2.0,2.0,2.0
1.0,35.0,344.0,24.0,38.234838,-76.44889,1.0,1.0,1.0,1.0,2.0,2.0,3.0,3.0
1.0,18.0,198.0,17.0,42.364347,-71.10431,4.0,1.0,2.0,2.0,2.0,3.0,2.0,2.0
1.0,25.0,48.0,7.0,33.434192,-111.76892,22.0,2.0,1.0,1.0,2.0,1.0,2.0,1.0
1.0,25.0,199.0,38.0,40.594222,-111.97889,11.0,1.0,1.0,1.0,2.0,1.0,1.0,2.0
1.0,18.0,200.0,2.0,42.324338,-83.33820,9.0,1.0,1.0,1.0,2.0,2.0,1.0,3.0
2.0,45.0,135.0,30.0,40.455168,-79.89709,1.0,2.0,1.0,2.0,1.0,3.0,2.0,4.0
1.0,18.0,201.0,2.0,42.996050,-84.17896,4.0,2.0,1.0,1.0,1.0,3.0,1.0,2.0
1.0,35.0,202.0,9.0,40.821482,-74.42648,11.0,1.0,2.0,3.0,3.0,3.0,1.0,3.0
2.0,25.0,203.0,26.0,35.343770,-97.48596,4.0,1.0,2.0,2.0,3.0,2.0,1.0,1.0
1.0,45.0,204.0,17.0,42.459045,-71.06233,7.0,1.0,1.0,1.0,2.0,3.0,1.0,1.0
1.0,18.0,183.0,34.0,40.020885,-105.29673,4.0,1.0,1.0,1.0,1.0,2.0,1.0,1.0
1.0,25.0,206.0,22.0,25.730678,-80.24410,16.0,1.0,2.0,2.0,3.0,4.0,1.0,3.0
1.0,50.0,207.0,11.0,41.441697,-81.85738,5.0,1.0,1.0,1.0,1.0,2.0,1.0,3.0
2.0,45.0,208.0,45.0,33.587760,-84.33011,11.0,1.0,3.0,2.0,1.0,1.0,1.0,1.0
1.0,25.0,209.0,20.0,34.664035,-77.46369,10.0,1.0,2.0,1.0,2.0,2.0,2.0,2.0
1.0,18.0,210.0,50.0,45.707153,-110.98780,4.0,1.0,1.0,1.0,1.0,2.0,2.0,3.0
1.0,25.0,343.0,17.0,42.371296,-71.18196,5.0,1.0,1.0,1.0,1.0,3.0,2.0,3.0
1.0,18.0,29.0,17.0,42.343080,-71.09268,4.0,1.0,1.0,1.0,1.0,2.0,1.0,1.0
1.0,18.0,198.0,17.0,42.393327,-71.12837,7.0,2.0,1.0,2.0,2.0,3.0,1.0,2.0
1.0,25.0,211.0,17.0,42.451945,-71.14276,10.0,1.0,1.0,2.0,3.0,2.0,2.0,2.0
2.0,25.0,39.0,23.0,29.741878,-95.38944,4.0,1.0,1.0,1.0,1.0,3.0,1.0,2.0
1.0,18.0,212.0,39.0,43.514392,-96.80375,7.0,1.0,1.0,1.0,1.0,1.0,1.0,2.0
1.0,25.0,14.0,8.0,45.003363,-93.49262,21.0,1.0,2.0,2.0,3.0,2.0,2.0,2.0
1.0,25.0,213.0,32.0,42.886486,-71.30019,7.0,1.0,2.0,1.0,2.0,2.0,1.0,2.0
1.0,18.0,214.0,2.0,42.335937,-83.37800,21.0,1.0,1.0,1.0,1.0,3.0,2.0,3.0
1.0,18.0,205.0,5.0,38.983551,-95.23202,7.0,1.0,1.0,1.0,1.0,1.0,1.0,2.0
1.0,25.0,215.0,13.0,42.985255,-89.73647,22.0,3.0,1.0,1.0,1.0,2.0,3.0,4.0
2.0,18.0,216.0,2.0,42.747922,-84.47143,6.0,1.0,1.0,1.0,1.0,2.0,1.0,3.0
2.0,18.0,29.0,17.0,42.343080,-71.09268,18.0,1.0,1.0,1.0,1.0,2.0,1.0,1.0
1.0,35.0,217.0,22.0,30.408807,-87.31919,7.0,3.0,1.0,2.0,2.0,1.0,1.0,2.0
1.0,18.0,218.0,45.0,33.946735,-84.60200,20.0,4.0,3.0,3.0,2.0,2.0,1.0,2.0
1.0,56.0,345.0,19.0,39.001270,-78.36485,7.0,1.0,1.0,2.0,2.0,1.0,2.0,2.0
1.0,25.0,3.0,1.0,37.770937,-122.44276,11.0,1.0,1.0,2.0,2.0,2.0,1.0,3.0
1.0,25.0,234.0,23.0,33.024721,-96.74038,7.0,2.0,1.0,1.0,1.0,1.0,1.0,1.0
1.0,25.0,346.0,1.0,33.158137,-117.32646,5.0,1.0,2.0,2.0,3.0,2.0,1.0,3.0
1.0,25.0,7.0,19.0,38.829512,-77.08204,7.0,3.0,1.0,2.0,3.0,3.0,1.0,3.0
1.0,18.0,48.0,7.0,33.391233,-111.84129,4.0,1.0,2.0,1.0,1.0,2.0,1.0,1.0
1.0,25.0,347.0,1.0,37.834724,-122.28316,13.0,1.0,1.0,1.0,1.0,2.0,1.0,1.0
1.0,25.0,348.0,1.0,37.972423,-122.51484,7.0,2.0,1.0,1.0,2.0,2.0,3.0,2.0
1.0,25.0,334.0,16.0,41.875429,-88.01723,16.0,1.0,1.0,1.0,1.0,2.0,1.0,1.0
1.0,25.0,53.0,27.0,47.632870,-122.32253,4.0,2.0,1.0,1.0,1.0,1.0,2.0,1.0
1.0,35.0,341.0,44.0,-999.000000,-999.00000,11.0,2.0,1.0,2.0,1.0,3.0,1.0,2.0
1.0,25.0,349.0,40.0,41.240562,-95.93353,4.0,3.0,1.0,1.0,2.0,2.0,2.0,1.0
1.0,25.0,350.0,21.0,34.774657,-82.30432,11.0,1.0,1.0,1.0,1.0,1.0,2.0,3.0
1.0,25.0,67.0,45.0,33.945619,-83.41732,6.0,4.0,1.0,1.0,3.0,2.0,2.0,3.0
1.0,25.0,341.0,44.0,-999.000000,-999.00000,21.0,1.0,1.0,1.0,1.0,2.0,1.0,2.0
1.0,25.0,351.0,24.0,39.477506,-76.64114,11.0,1.0,1.0,2.0,2.0,3.0,1.0,1.0
1.0,25.0,174.0,1.0,37.444879,-122.26253,18.0,2.0,1.0,1.0,2.0,3.0,2.0,2.0
2.0,25.0,36.0,19.0,38.885337,-77.09512,11.0,2.0,1.0,1.0,1.0,3.0,1.0,3.0
1.0,35.0,121.0,1.0,38.269582,-122.03701,7.0,3.0,1.0,2.0,2.0,1.0,1.0,1.0
1.0,35.0,39.0,23.0,29.691714,-95.64978,20.0,2.0,1.0,1.0,1.0,2.0,1.0,1.0
1.0,18.0,352.0,51.0,38.900394,-77.05126,4.0,1.0,1.0,2.0,1.0,2.0,2.0,2.0
1.0,25.0,34.0,13.0,44.829610,-91.50521,21.0,1.0,1.0,1.0,1.0,2.0,1.0,2.0
2.0,35.0,353.0,8.0,44.805487,-93.76652,13.0,3.0,1.0,1.0,1.0,1.0,1.0,2.0
1.0,25.0,354.0,1.0,33.650813,-117.81771,11.0,1.0,1.0,1.0,1.0,1.0,2.0,2.0
1.0,25.0,355.0,7.0,34.621743,-112.32176,4.0,1.0,1.0,2.0,2.0,2.0,1.0,2.0
1.0,25.0,356.0,16.0,40.133786,-87.62898,5.0,1.0,2.0,2.0,2.0,3.0,2.0,1.0
1.0,25.0,349.0,40.0,41.240562,-95.93353,20.0,2.0,1.0,1.0,1.0,1.0,1.0,2.0
1.0,25.0,357.0,52.0,32.404754,-86.24963,13.0,2.0,1.0,1.0,1.0,2.0,1.0,2.0
1.0,25.0,358.0,22.0,30.531677,-84.16049,7.0,2.0,1.0,1.0,2.0,1.0,1.0,1.0
1.0,18.0,359.0,33.0,41.896875,-72.27456,1.0,2.0,1.0,1.0,3.0,4.0,3.0,3.0
1.0,25.0,360.0,40.0,40.749224,-96.64566,1.0,3.0,1.0,1.0,1.0,2.0,2.0,3.0
1.0,25.0,361.0,10.0,43.312104,-73.64825,11.0,1.0,1.0,1.0,2.0,2.0,1.0,3.0
1.0,25.0,381.0,53.0,36.167731,-115.26791,5.0,1.0,1.0,1.0,1.0,2.0,1.0,2.0
1.0,35.0,362.0,19.0,38.886190,-77.32402,10.0,1.0,1.0,1.0,1.0,1.0,1.0,2.0
1.0,25.0,308.0,1.0,34.166906,-118.34366,9.0,1.0,1.0,2.0,2.0,1.0,1.0,2.0
2.0,25.0,35.0,8.0,44.921599,-93.40857,16.0,1.0,2.0,2.0,2.0,2.0,1.0,2.0
1.0,25.0,308.0,1.0,34.166906,-118.34366,9.0,1.0,1.0,3.0,3.0,2.0,1.0,2.0
1.0,35.0,258.0,38.0,40.659514,-111.92226,4.0,2.0,2.0,2.0,3.0,2.0,1.0,1.0
1.0,25.0,248.0,17.0,42.355147,-71.13164,4.0,1.0,1.0,1.0,2.0,2.0,1.0,3.0
1.0,18.0,363.0,13.0,43.083012,-87.88590,4.0,3.0,1.0,1.0,1.0,3.0,2.0,3.0
1.0,25.0,25.0,34.0,39.668576,-105.09191,21.0,2.0,1.0,1.0,1.0,1.0,1.0,1.0
1.0,56.0,364.0,1.0,32.799100,-116.97334,6.0,2.0,1.0,1.0,1.0,1.0,1.0,2.0
1.0,18.0,365.0,2.0,46.554402,-87.42223,4.0,1.0,1.0,1.0,1.0,3.0,2.0,3.0
1.0,50.0,366.0,45.0,33.771705,-84.29407,9.0,1.0,2.0,2.0,2.0,2.0,1.0,3.0
1.0,25.0,73.0,22.0,29.735832,-82.39008,4.0,2.0,2.0,2.0,1.0,2.0,2.0,1.0
1.0,25.0,367.0,19.0,38.788646,-77.27888,5.0,1.0,2.0,2.0,2.0,3.0,4.0,2.0
1.0,35.0,368.0,19.0,38.819130,-78.77149,7.0,1.0,2.0,3.0,3.0,2.0,2.0,1.0
1.0,35.0,369.0,46.0,32.347752,-106.81463,13.0,2.0,1.0,2.0,2.0,3.0,1.0,2.0
1.0,25.0,370.0,23.0,30.678097,-96.37639,1.0,2.0,1.0,1.0,2.0,3.0,1.0,1.0
1.0,35.0,371.0,13.0,42.704519,-87.80062,16.0,2.0,1.0,2.0,3.0,2.0,1.0,1.0
1.0,18.0,372.0,2.0,42.842554,-82.91471,3.0,1.0,1.0,1.0,1.0,2.0,1.0,2.0
1.0,35.0,373.0,1.0,37.516687,-122.29026,18.0,1.0,2.0,3.0,1.0,3.0,2.0,2.0
1.0,25.0,203.0,26.0,35.515008,-97.53106,20.0,1.0,1.0,1.0,2.0,2.0,1.0,2.0
1.0,45.0,374.0,24.0,39.076608,-77.12320,5.0,1.0,2.0,1.0,3.0,2.0,1.0,4.0
1.0,25.0,250.0,1.0,34.421795,-119.86372,18.0,1.0,1.0,1.0,2.0,3.0,3.0,1.0
2.0,25.0,375.0,23.0,33.591877,-101.94754,20.0,3.0,1.0,3.0,2.0,2.0,2.0,2.0
1.0,25.0,375.0,23.0,33.591877,-101.94754,11.0,2.0,1.0,1.0,2.0,1.0,1.0,1.0
1.0,25.0,376.0,2.0,42.357140,-85.20257,7.0,1.0,1.0,1.0,1.0,1.0,1.0,2.0
1.0,18.0,377.0,19.0,37.622465,-77.61965,4.0,1.0,4.0,4.0,3.0,2.0,1.0,2.0
1.0,35.0,283.0,9.0,40.728901,-74.26821,11.0,2.0,2.0,2.0,3.0,2.0,1.0,2.0
1.0,25.0,378.0,13.0,43.020762,-88.26852,7.0,3.0,1.0,1.0,1.0,1.0,2.0,1.0
1.0,25.0,378.0,34.0,39.579454,-104.88288,7.0,2.0,1.0,1.0,1.0,2.0,1.0,1.0
1.0,56.0,51.0,1.0,37.244426,-121.83246,9.0,1.0,2.0,2.0,2.0,2.0,1.0,2.0
1.0,25.0,108.0,19.0,38.821753,-77.29293,9.0,1.0,2.0,1.0,3.0,3.0,2.0,2.0
1.0,50.0,219.0,5.0,39.298776,-94.93555,5.0,1.0,1.0,1.0,1.0,1.0,1.0,2.0
1.0,25.0,320.0,22.0,26.191111,-80.10846,11.0,3.0,2.0,1.0,4.0,3.0,3.0,2.0
1.0,18.0,321.0,30.0,40.681798,-75.22082,4.0,1.0,1.0,1.0,1.0,2.0,1.0,2.0
1.0,35.0,322.0,11.0,40.800086,-81.95726,10.0,1.0,1.0,2.0,3.0,1.0,2.0,1.0
1.0,45.0,323.0,32.0,43.213705,-71.53774,19.0,3.0,1.0,2.0,1.0,1.0,1.0,2.0
1.0,35.0,53.0,27.0,47.733852,-122.34461,10.0,1.0,1.0,1.0,2.0,1.0,1.0,1.0
1.0,25.0,169.0,11.0,39.965131,-83.00431,10.0,3.0,1.0,1.0,3.0,1.0,3.0,2.0
1.0,25.0,324.0,1.0,32.638654,-117.06686,6.0,1.0,1.0,1.0,2.0,2.0,1.0,1.0
2.0,45.0,325.0,20.0,35.865441,-78.54929,7.0,1.0,3.0,1.0,3.0,1.0,1.0,2.0
1.0,25.0,380.0,23.0,30.349455,-97.73328,22.0,1.0,1.0,1.0,1.0,1.0,1.0,2.0
1.0,25.0,326.0,42.0,41.354881,-71.80387,21.0,1.0,2.0,3.0,2.0,2.0,1.0,2.0
1.0,25.0,327.0,5.0,39.015374,-95.76057,5.0,1.0,1.0,1.0,3.0,2.0,1.0,1.0
1.0,25.0,328.0,11.0,41.148756,-81.35302,1.0,1.0,1.0,1.0,1.0,2.0,3.0,2.0
1.0,25.0,229.0,35.0,35.922881,-84.00384,13.0,1.0,2.0,2.0,2.0,1.0,1.0,2.0
1.0,35.0,159.0,7.0,32.179227,-110.81032,10.0,2.0,1.0,3.0,3.0,2.0,1.0,3.0
1.0,35.0,230.0,1.0,34.152476,-118.36841,16.0,2.0,1.0,1.0,1.0,1.0,1.0,1.0
1.0,18.0,231.0,19.0,38.901311,-77.19777,7.0,1.0,1.0,1.0,1.0,2.0,2.0,1.0
1.0,25.0,232.0,20.0,36.079726,-79.09459,4.0,1.0,1.0,1.0,2.0,3.0,2.0,1.0
2.0,18.0,233.0,48.0,38.586052,-90.29410,4.0,1.0,3.0,2.0,2.0,3.0,3.0,1.0
1.0,45.0,234.0,23.0,33.028921,-96.68102,3.0,2.0,2.0,2.0,2.0,2.0,1.0,2.0
1.0,35.0,235.0,27.0,45.609160,-122.40547,11.0,2.0,1.0,1.0,1.0,2.0,1.0,2.0
1.0,18.0,236.0,16.0,41.543380,-88.11963,22.0,1.0,1.0,1.0,1.0,2.0,1.0,2.0
1.0,25.0,237.0,33.0,41.140896,-73.35178,16.0,1.0,1.0,1.0,2.0,1.0,1.0,1.0
1.0,25.0,238.0,27.0,46.605303,-120.61762,11.0,2.0,1.0,2.0,2.0,2.0,2.0,2.0
1.0,1.0,198.0,17.0,42.379146,-71.12803,13.0,1.0,1.0,1.0,1.0,2.0,3.0,2.0
2.0,35.0,293.0,1.0,37.613806,-122.48229,1.0,2.0,2.0,2.0,2.0,3.0,1.0,2.0
1.0,18.0,240.0,23.0,30.501272,-97.83087,4.0,1.0,1.0,1.0,1.0,1.0,2.0,1.0
1.0,25.0,241.0,16.0,39.819000,-89.64379,20.0,1.0,1.0,1.0,2.0,2.0,1.0,3.0
1.0,25.0,242.0,30.0,40.626307,-79.16146,9.0,2.0,2.0,2.0,2.0,3.0,3.0,1.0
1.0,25.0,243.0,35.0,36.426933,-89.07270,11.0,1.0,1.0,1.0,1.0,1.0,1.0,2.0
1.0,45.0,244.0,1.0,33.913550,-117.46052,11.0,3.0,1.0,1.0,2.0,3.0,2.0,3.0
2.0,18.0,2.0,2.0,42.488735,-83.13752,1.0,1.0,1.0,1.0,2.0,2.0,2.0,3.0
1.0,25.0,245.0,11.0,40.774039,-83.81821,4.0,2.0,2.0,1.0,1.0,2.0,1.0,1.0
1.0,25.0,246.0,10.0,40.774686,-73.90816,6.0,1.0,1.0,2.0,2.0,1.0,2.0,1.0
1.0,25.0,247.0,40.0,42.139280,-102.84937,5.0,2.0,1.0,1.0,2.0,2.0,2.0,2.0
1.0,25.0,248.0,17.0,42.355147,-71.13164,5.0,1.0,1.0,1.0,1.0,1.0,2.0,1.0
1.0,45.0,249.0,7.0,33.697268,-111.88321,18.0,1.0,2.0,1.0,2.0,2.0,1.0,2.0
1.0,25.0,76.0,16.0,41.921126,-87.70085,5.0,1.0,2.0,2.0,2.0,3.0,2.0,3.0
1.0,25.0,162.0,19.0,37.794344,-79.47658,16.0,1.0,1.0,1.0,3.0,2.0,1.0,1.0
1.0,50.0,250.0,1.0,34.440050,-119.75496,1.0,1.0,1.0,2.0,2.0,3.0,2.0,2.0
1.0,18.0,251.0,53.0,38.997267,-80.20915,4.0,3.0,1.0,1.0,1.0,1.0,3.0,2.0
1.0,45.0,252.0,19.0,38.926615,-78.17499,20.0,1.0,1.0,1.0,2.0,1.0,1.0,1.0
1.0,56.0,253.0,41.0,38.201649,-84.86935,1.0,1.0,1.0,2.0,2.0,2.0,1.0,1.0
1.0,18.0,254.0,34.0,40.539432,-105.11576,13.0,1.0,2.0,2.0,2.0,3.0,1.0,3.0
1.0,18.0,255.0,36.0,39.780010,-86.04889,4.0,1.0,2.0,1.0,2.0,4.0,3.0,3.0
1.0,45.0,14.0,8.0,44.903864,-93.37056,13.0,1.0,1.0,1.0,2.0,2.0,1.0,2.0
1.0,25.0,256.0,1.0,37.378341,-122.02398,5.0,2.0,1.0,1.0,2.0,3.0,2.0,2.0
1.0,35.0,257.0,1.0,33.888980,-118.40535,16.0,1.0,1.0,1.0,1.0,2.0,1.0,1.0
1.0,18.0,233.0,48.0,38.646201,-90.25435,4.0,2.0,1.0,1.0,1.0,1.0,1.0,1.0
1.0,25.0,75.0,10.0,40.617563,-74.01168,11.0,1.0,1.0,1.0,1.0,2.0,3.0,1.0
2.0,18.0,258.0,38.0,40.659997,-111.88394,13.0,1.0,1.0,1.0,1.0,2.0,1.0,2.0
1.0,35.0,3.0,1.0,37.748730,-122.41545,5.0,2.0,1.0,3.0,3.0,3.0,3.0,2.0
1.0,25.0,259.0,1.0,33.810848,-118.35096,7.0,1.0,2.0,2.0,2.0,2.0,2.0,2.0
1.0,35.0,260.0,1.0,33.427078,-117.61401,20.0,1.0,2.0,1.0,2.0,2.0,1.0,2.0
1.0,25.0,261.0,1.0,33.660350,-117.18987,7.0,3.0,1.0,1.0,2.0,2.0,2.0,2.0
2.0,25.0,262.0,16.0,37.707763,-89.19246,18.0,2.0,1.0,2.0,2.0,1.0,1.0,2.0
1.0,35.0,263.0,24.0,38.975110,-77.15928,6.0,3.0,1.0,2.0,2.0,1.0,2.0,2.0
2.0,18.0,264.0,37.0,43.830375,-72.36228,17.0,1.0,1.0,1.0,1.0,2.0,2.0,2.0
2.0,25.0,234.0,23.0,33.035050,-96.80492,11.0,2.0,2.0,2.0,1.0,2.0,1.0,2.0
1.0,1.0,265.0,19.0,39.146479,-77.72798,5.0,1.0,1.0,1.0,1.0,2.0,1.0,1.0
2.0,25.0,94.0,30.0,39.952962,-75.16558,20.0,3.0,1.0,1.0,2.0,2.0,2.0,1.0
2.0,35.0,266.0,23.0,33.195073,-96.60363,17.0,1.0,1.0,1.0,2.0,2.0,1.0,2.0
1.0,50.0,341.0,44.0,-999.000000,-999.00000,20.0,2.0,1.0,1.0,1.0,2.0,1.0,1.0
1.0,25.0,267.0,1.0,33.958363,-118.11987,13.0,1.0,1.0,1.0,2.0,1.0,1.0,2.0
2.0,45.0,268.0,9.0,39.741385,-74.99035,5.0,1.0,1.0,1.0,1.0,3.0,3.0,2.0
1.0,18.0,28.0,10.0,40.786387,-73.97709,16.0,1.0,1.0,2.0,2.0,2.0,2.0,2.0
1.0,25.0,269.0,45.0,33.823809,-83.89423,4.0,2.0,1.0,1.0,2.0,4.0,2.0,3.0
1.0,18.0,270.0,33.0,41.738700,-72.67889,18.0,1.0,2.0,2.0,3.0,3.0,4.0,3.0
1.0,35.0,118.0,10.0,43.136363,-77.64685,13.0,4.0,1.0,2.0,3.0,2.0,1.0,1.0
1.0,25.0,172.0,42.0,41.839296,-71.43802,1.0,1.0,3.0,2.0,2.0,1.0,1.0,1.0
1.0,18.0,89.0,1.0,37.889125,-122.29371,4.0,1.0,1.0,1.0,2.0,3.0,1.0,1.0
1.0,25.0,271.0,1.0,37.769528,-122.25937,13.0,1.0,3.0,2.0,3.0,3.0,2.0,3.0
1.0,35.0,53.0,27.0,47.611570,-122.30406,5.0,1.0,1.0,2.0,3.0,3.0,1.0,2.0
1.0,18.0,135.0,30.0,40.430919,-79.92569,4.0,1.0,2.0,2.0,2.0,3.0,2.0,1.0
1.0,25.0,17.0,10.0,40.881086,-73.90749,1.0,2.0,1.0,2.0,2.0,1.0,1.0,1.0
1.0,25.0,3.0,1.0,37.758380,-122.48478,9.0,1.0,3.0,1.0,3.0,3.0,2.0,2.0
1.0,25.0,63.0,17.0,42.396382,-71.03352,11.0,1.0,1.0,2.0,2.0,2.0,1.0,2.0
2.0,25.0,272.0,17.0,42.031371,-70.70105,11.0,1.0,2.0,2.0,2.0,2.0,1.0,2.0
1.0,18.0,273.0,16.0,42.012990,-88.09675,7.0,3.0,2.0,1.0,1.0,3.0,1.0,1.0
1.0,18.0,274.0,8.0,44.867013,-93.42557,21.0,2.0,2.0,1.0,3.0,3.0,1.0,3.0
1.0,18.0,274.0,8.0,44.867013,-93.42557,4.0,1.0,2.0,1.0,3.0,3.0,2.0,2.0
1.0,25.0,153.0,1.0,37.527237,-121.96790,7.0,2.0,2.0,1.0,2.0,2.0,1.0,2.0
1.0,25.0,171.0,16.0,42.238087,-87.86093,16.0,1.0,1.0,1.0,1.0,2.0,1.0,2.0
2.0,25.0,381.0,11.0,39.498751,-84.74070,1.0,1.0,1.0,1.0,2.0,2.0,2.0,1.0
1.0,1.0,275.0,23.0,29.699844,-98.10754,5.0,2.0,1.0,1.0,1.0,2.0,1.0,2.0
1.0,18.0,76.0,16.0,41.945681,-87.70480,5.0,1.0,2.0,2.0,2.0,2.0,1.0,3.0
1.0,18.0,276.0,16.0,41.509231,-87.96475,5.0,1.0,1.0,1.0,2.0,3.0,2.0,2.0
1.0,25.0,277.0,28.0,44.608694,-123.27520,13.0,1.0,1.0,1.0,1.0,3.0,1.0,2.0
1.0,35.0,278.0,50.0,46.855423,-114.01229,1.0,2.0,2.0,2.0,2.0,1.0,2.0,1.0
2.0,25.0,279.0,13.0,42.926473,-89.22432,5.0,2.0,1.0,1.0,1.0,2.0,2.0,2.0
2.0,35.0,121.0,11.0,39.330356,-84.55277,7.0,1.0,2.0,2.0,2.0,2.0,1.0,1.0
1.0,25.0,169.0,11.0,39.935263,-83.04558,5.0,2.0,1.0,2.0,4.0,3.0,2.0,2.0
2.0,25.0,53.0,27.0,47.683820,-122.30122,1.0,2.0,2.0,2.0,3.0,4.0,2.0,1.0
1.0,18.0,6.0,45.0,33.830054,-84.38472,4.0,3.0,1.0,1.0,1.0,2.0,1.0,1.0
2.0,18.0,53.0,27.0,47.632870,-122.32253,6.0,2.0,1.0,1.0,2.0,3.0,3.0,2.0
1.0,25.0,280.0,1.0,33.786594,-118.29866,18.0,1.0,2.0,1.0,2.0,3.0,4.0,4.0
1.0,25.0,320.0,22.0,26.182161,-80.13341,6.0,1.0,3.0,2.0,3.0,3.0,2.0,2.0
1.0,25.0,281.0,17.0,42.352996,-71.20907,16.0,2.0,1.0,1.0,3.0,3.0,1.0,1.0
1.0,25.0,8.0,5.0,37.754443,-97.35763,10.0,1.0,2.0,1.0,2.0,3.0,2.0,1.0
1.0,25.0,282.0,28.0,44.060920,-123.08275,7.0,2.0,1.0,1.0,1.0,2.0,3.0,1.0
1.0,35.0,191.0,2.0,42.330870,-83.47575,18.0,1.0,2.0,2.0,1.0,1.0,2.0,1.0
2.0,18.0,29.0,17.0,42.361477,-71.05417,1.0,1.0,2.0,2.0,2.0,2.0,2.0,2.0
1.0,25.0,28.0,10.0,40.746180,-73.97759,4.0,1.0,3.0,3.0,3.0,4.0,2.0,4.0
1.0,25.0,19.0,13.0,43.074296,-89.40774,1.0,3.0,1.0,1.0,1.0,1.0,2.0,2.0
1.0,25.0,128.0,1.0,34.111208,-118.28842,9.0,1.0,1.0,1.0,2.0,2.0,2.0,1.0
1.0,35.0,36.0,19.0,38.885337,-77.09512,13.0,1.0,1.0,2.0,2.0,2.0,2.0,1.0
2.0,18.0,179.0,1.0,37.278843,-121.95446,6.0,1.0,3.0,1.0,3.0,2.0,4.0,2.0
1.0,25.0,283.0,9.0,40.728901,-74.26821,5.0,3.0,1.0,2.0,3.0,2.0,2.0,2.0
1.0,25.0,53.0,27.0,47.632870,-122.32253,11.0,3.0,1.0,1.0,2.0,4.0,3.0,2.0
2.0,35.0,258.0,38.0,40.744646,-111.81123,1.0,1.0,2.0,2.0,2.0,2.0,3.0,2.0
1.0,18.0,133.0,2.0,42.765582,-83.17281,4.0,1.0,1.0,1.0,1.0,2.0,1.0,2.0
1.0,18.0,341.0,44.0,-999.000000,-999.00000,5.0,1.0,1.0,1.0,1.0,2.0,1.0,1.0
1.0,18.0,3.0,1.0,37.748730,-122.41545,10.0,1.0,1.0,1.0,2.0,3.0,2.0,1.0
1.0,25.0,258.0,38.0,40.696596,-111.95239,5.0,1.0,1.0,1.0,1.0,1.0,1.0,2.0
1.0,35.0,89.0,1.0,37.889125,-122.29371,18.0,1.0,1.0,1.0,2.0,3.0,2.0,2.0
1.0,25.0,284.0,8.0,45.102133,-93.48757,11.0,3.0,1.0,1.0,1.0,2.0,1.0,2.0
1.0,1.0,285.0,32.0,43.967542,-71.84088,2.0,1.0,1.0,2.0,2.0,2.0,2.0,2.0
1.0,25.0,286.0,23.0,30.571905,-96.29882,1.0,2.0,2.0,2.0,2.0,2.0,1.0,2.0
1.0,25.0,147.0,2.0,42.291637,-83.71831,4.0,1.0,1.0,1.0,2.0,3.0,3.0,2.0
1.0,25.0,14.0,8.0,44.938615,-93.22082,13.0,2.0,2.0,2.0,2.0,2.0,1.0,3.0
1.0,25.0,287.0,32.0,43.719756,-72.25070,5.0,1.0,1.0,1.0,1.0,2.0,1.0,2.0
2.0,25.0,288.0,9.0,40.500254,-74.42570,1.0,2.0,1.0,1.0,2.0,3.0,3.0,1.0
2.0,25.0,288.0,9.0,40.500254,-74.42570,1.0,1.0,1.0,2.0,3.0,1.0,2.0,1.0
1.0,18.0,95.0,28.0,45.520540,-122.68573,13.0,2.0,1.0,1.0,3.0,2.0,1.0,2.0
2.0,25.0,76.0,16.0,41.875882,-87.65114,11.0,1.0,1.0,1.0,1.0,1.0,1.0,2.0
1.0,25.0,382.0,1.0,33.769018,-118.19225,9.0,1.0,1.0,1.0,2.0,2.0,3.0,2.0
1.0,25.0,137.0,1.0,33.666269,-117.96930,5.0,1.0,1.0,1.0,1.0,2.0,1.0,1.0
1.0,25.0,131.0,1.0,33.639994,-117.60351,1.0,1.0,1.0,1.0,2.0,1.0,1.0,2.0
1.0,35.0,290.0,34.0,39.963322,-105.15053,5.0,2.0,3.0,3.0,3.0,3.0,1.0,2.0
2.0,25.0,291.0,1.0,32.794449,-117.07221,11.0,1.0,1.0,1.0,3.0,2.0,2.0,1.0
1.0,18.0,292.0,30.0,40.651751,-75.49224,13.0,3.0,1.0,1.0,2.0,3.0,2.0,2.0
1.0,25.0,291.0,1.0,32.794449,-117.07221,1.0,1.0,2.0,2.0,2.0,2.0,2.0,2.0
1.0,25.0,76.0,16.0,41.875882,-87.65114,11.0,1.0,1.0,3.0,2.0,1.0,1.0,1.0
2.0,25.0,293.0,1.0,37.613806,-122.48229,1.0,1.0,1.0,2.0,3.0,3.0,2.0,4.0
2.0,25.0,94.0,30.0,39.952162,-75.17406,11.0,1.0,2.0,3.0,3.0,3.0,1.0,1.0
1.0,25.0,294.0,17.0,42.377651,-72.50323,4.0,1.0,1.0,1.0,2.0,3.0,2.0,2.0
1.0,25.0,288.0,9.0,40.500254,-74.42570,1.0,2.0,1.0,1.0,2.0,3.0,3.0,1.0
1.0,25.0,198.0,17.0,42.364347,-71.10431,9.0,1.0,2.0,2.0,3.0,3.0,2.0,1.0
1.0,25.0,383.0,33.0,41.134896,-73.40530,19.0,3.0,1.0,1.0,2.0,2.0,1.0,2.0
1.0,25.0,295.0,43.0,39.700561,-75.74310,4.0,1.0,1.0,1.0,2.0,2.0,1.0,3.0
1.0,50.0,296.0,2.0,42.386087,-82.92426,9.0,3.0,1.0,2.0,2.0,2.0,1.0,2.0
1.0,25.0,295.0,43.0,39.669211,-75.71796,4.0,3.0,1.0,2.0,3.0,2.0,1.0,4.0
1.0,50.0,169.0,11.0,40.076042,-82.94064,5.0,1.0,2.0,3.0,3.0,2.0,2.0,2.0
2.0,25.0,73.0,22.0,29.653145,-82.34690,18.0,1.0,1.0,1.0,2.0,2.0,1.0,1.0
